      0.0009775       0.9998089
      0.0019550       0.9992357
      0.0029326       0.9982805
      0.0039101       0.9969438
      0.0048876       0.9952261
      0.0058651       0.9931280
      0.0068426       0.9906503
      0.0078201       0.9877940
      0.0087977       0.9845602
      0.0097752       0.9809500
      0.0107527       0.9769649
      0.0117302       0.9726064
      0.0127077       0.9678762
      0.0136852       0.9627761
      0.0146628       0.9573080
      0.0156403       0.9514740
      0.0166178       0.9452763
      0.0175953       0.9387174
      0.0185728       0.9317997
      0.0195503       0.9245258
      0.0205279       0.9168986
      0.0215054       0.9089209
      0.0224829       0.9005959
      0.0234604       0.8919266
      0.0244379       0.8829164
      0.0254154       0.8735688
      0.0263930       0.8638873
      0.0273705       0.8538756
      0.0283480       0.8435376
      0.0293255       0.8328772
      0.0303030       0.8218984
      0.0312805       0.8106055
      0.0322581       0.7990028
      0.0332356       0.7870947
      0.0342131       0.7748858
      0.0351906       0.7623807
      0.0361681       0.7495842
      0.0371457       0.7365012
      0.0381232       0.7231368
      0.0391007       0.7094959
      0.0400782       0.6955839
      0.0410557       0.6814060
      0.0420332       0.6669677
      0.0430108       0.6522745
      0.0439883       0.6373319
      0.0449658       0.6221458
      0.0459433       0.6067219
      0.0469208       0.5910661
      0.0478983       0.5751844
      0.0488759       0.5590829
      0.0498534       0.5427676
      0.0508309       0.5262450
      0.0518084       0.5095212
      0.0527859       0.4926026
      0.0537634       0.4754958
      0.0547410       0.4582072
      0.0557185       0.4407435
      0.0566960       0.4231114
      0.0576735       0.4053175
      0.0586510       0.3873688
      0.0596285       0.3692719
      0.0606061       0.3510340
      0.0615836       0.3326618
      0.0625611       0.3141626
      0.0635386       0.2955432
      0.0645161       0.2768109
      0.0654936       0.2579728
      0.0664712       0.2390361
      0.0674487       0.2200080
      0.0684262       0.2008959
      0.0694037       0.1817070
      0.0703812       0.1624486
      0.0713587       0.1431281
      0.0723363       0.1237529
      0.0733138       0.1043305
      0.0742913       0.0848681
      0.0752688       0.0653733
      0.0762463       0.0458536
      0.0772239       0.0263163
      0.0782014       0.0067689
      0.0791789      -0.0127810
      0.0801564      -0.0323261
      0.0811339      -0.0518588
      0.0821114      -0.0713717
      0.0830890      -0.0908573
      0.0840665      -0.1103082
      0.0850440      -0.1297169
      0.0860215      -0.1490760
      0.0869990      -0.1683782
      0.0879765      -0.1876160
      0.0889541      -0.2067821
      0.0899316      -0.2258691
      0.0909091      -0.2448699
      0.0918866      -0.2637770
      0.0928641      -0.2825834
      0.0938416      -0.3012817
      0.0948192      -0.3198649
      0.0957967      -0.3383258
      0.0967742      -0.3566574
      0.0977517      -0.3748527
      0.0987292      -0.3929047
      0.0997067      -0.4108066
      0.1006843      -0.4285514
      0.1016618      -0.4461325
      0.1026393      -0.4635430
      0.1036168      -0.4807764
      0.1045943      -0.4978260
      0.1055718      -0.5146854
      0.1065494      -0.5313480
      0.1075269      -0.5478075
      0.1085044      -0.5640577
      0.1094819      -0.5800923
      0.1104594      -0.5959052
      0.1114370      -0.6114903
      0.1124145      -0.6268417
      0.1133920      -0.6419535
      0.1143695      -0.6568200
      0.1153470      -0.6714354
      0.1163245      -0.6857942
      0.1173021      -0.6998909
      0.1182796      -0.7137201
      0.1192571      -0.7272765
      0.1202346      -0.7405549
      0.1212121      -0.7535503
      0.1221896      -0.7662577
      0.1231672      -0.7786722
      0.1241447      -0.7907891
      0.1251222      -0.8026038
      0.1260997      -0.8141117
      0.1270772      -0.8253084
      0.1280547      -0.8361897
      0.1290323      -0.8467514
      0.1300098      -0.8569895
      0.1309873      -0.8669001
      0.1319648      -0.8764793
      0.1329423      -0.8857235
      0.1339198      -0.8946292
      0.1348974      -0.9031929
      0.1358749      -0.9114115
      0.1368524      -0.9192817
      0.1378299      -0.9268005
      0.1388074      -0.9339652
      0.1397849      -0.9407728
      0.1407625      -0.9472209
      0.1417400      -0.9533070
      0.1427175      -0.9590287
      0.1436950      -0.9643838
      0.1446725      -0.9693704
      0.1456500      -0.9739865
      0.1466276      -0.9782303
      0.1476051      -0.9821002
      0.1485826      -0.9855948
      0.1495601      -0.9887127
      0.1505376      -0.9914527
      0.1515152      -0.9938137
      0.1524927      -0.9957949
      0.1534702      -0.9973955
      0.1544477      -0.9986149
      0.1554252      -0.9994526
      0.1564027      -0.9999084
      0.1573803      -0.9999819
      0.1583578      -0.9996733
      0.1593353      -0.9989826
      0.1603128      -0.9979100
      0.1612903      -0.9964561
      0.1622678      -0.9946213
      0.1632454      -0.9924064
      0.1642229      -0.9898122
      0.1652004      -0.9868396
      0.1661779      -0.9834899
      0.1671554      -0.9797643
      0.1681329      -0.9756642
      0.1691105      -0.9711912
      0.1700880      -0.9663471
      0.1710655      -0.9611335
      0.1720430      -0.9555527
      0.1730205      -0.9496066
      0.1739980      -0.9432976
      0.1749756      -0.9366280
      0.1759531      -0.9296005
      0.1769306      -0.9222177
      0.1779081      -0.9144823
      0.1788856      -0.9063975
      0.1798631      -0.8979663
      0.1808407      -0.8891918
      0.1818182      -0.8800775
      0.1827957      -0.8706268
      0.1837732      -0.8608434
      0.1847507      -0.8507309
      0.1857283      -0.8402933
      0.1867058      -0.8295345
      0.1876833      -0.8184587
      0.1886608      -0.8070700
      0.1896383      -0.7953729
      0.1906158      -0.7833718
      0.1915934      -0.7710713
      0.1925709      -0.7584761
      0.1935484      -0.7455910
      0.1945259      -0.7324209
      0.1955034      -0.7189709
      0.1964809      -0.7052461
      0.1974585      -0.6912518
      0.1984360      -0.6769932
      0.1994135      -0.6624759
      0.2003910      -0.6477054
      0.2013685      -0.6326873
      0.2023460      -0.6174275
      0.2033236      -0.6019316
      0.2043011      -0.5862057
      0.2052786      -0.5702557
      0.2062561      -0.5540878
      0.2072336      -0.5377081
      0.2082111      -0.5211229
      0.2091887      -0.5043385
      0.2101662      -0.4873614
      0.2111437      -0.4701980
      0.2121212      -0.4528549
      0.2130987      -0.4353386
      0.2140762      -0.4176560
      0.2150538      -0.3998138
      0.2160313      -0.3818188
      0.2170088      -0.3636778
      0.2179863      -0.3453978
      0.2189638      -0.3269859
      0.2199413      -0.3084489
      0.2209189      -0.2897941
      0.2218964      -0.2710285
      0.2228739      -0.2521593
      0.2238514      -0.2331937
      0.2248289      -0.2141390
      0.2258065      -0.1950025
      0.2267840      -0.1757914
      0.2277615      -0.1565131
      0.2287390      -0.1371750
      0.2297165      -0.1177845
      0.2306940      -0.0983490
      0.2316716      -0.0788759
      0.2326491      -0.0593726
      0.2336266      -0.0398467
      0.2346041      -0.0203055
      0.2355816      -0.0007565
      0.2365591       0.0187927
      0.2375367       0.0383348
      0.2385142       0.0578622
      0.2394917       0.0773674
      0.2404692       0.0968432
      0.2414467       0.1162819
      0.2424242       0.1356761
      0.2434018       0.1550185
      0.2443793       0.1743017
      0.2453568       0.1935182
      0.2463343       0.2126608
      0.2473118       0.2317221
      0.2482893       0.2506948
      0.2492669       0.2695717
      0.2502444       0.2883456
      0.2512219       0.3070093
      0.2521994       0.3255556
      0.2531769       0.3439775
      0.2541544       0.3622679
      0.2551320       0.3804199
      0.2561095       0.3984265
      0.2570870       0.4162808
      0.2580645       0.4339760
      0.2590420       0.4515053
      0.2600196       0.4688621
      0.2609971       0.4860396
      0.2619746       0.5030314
      0.2629521       0.5198309
      0.2639296       0.5364318
      0.2649071       0.5528276
      0.2658847       0.5690122
      0.2668622       0.5849792
      0.2678397       0.6007227
      0.2688172       0.6162365
      0.2697947       0.6315149
      0.2707722       0.6465519
      0.2717498       0.6613417
      0.2727273       0.6758788
      0.2737048       0.6901576
      0.2746823       0.7041726
      0.2756598       0.7179184
      0.2766373       0.7313899
      0.2776149       0.7445818
      0.2785924       0.7574892
      0.2795699       0.7701070
      0.2805474       0.7824305
      0.2815249       0.7944549
      0.2825024       0.8061757
      0.2834800       0.8175884
      0.2844575       0.8286886
      0.2854350       0.8394720
      0.2864125       0.8499347
      0.2873900       0.8600724
      0.2883675       0.8698815
      0.2893451       0.8793580
      0.2903226       0.8884985
      0.2913001       0.8972994
      0.2922776       0.9057573
      0.2932551       0.9138691
      0.2942326       0.9216315
      0.2952102       0.9290418
      0.2961877       0.9360969
      0.2971652       0.9427942
      0.2981427       0.9491313
      0.2991202       0.9551055
      0.3000978       0.9607147
      0.3010753       0.9659567
      0.3020528       0.9708296
      0.3030303       0.9753313
      0.3040078       0.9794603
      0.3049853       0.9832150
      0.3059629       0.9865938
      0.3069404       0.9895956
      0.3079179       0.9922192
      0.3088954       0.9944635
      0.3098729       0.9963277
      0.3108504       0.9978111
      0.3118280       0.9989132
      0.3128055       0.9996335
      0.3137830       0.9999717
      0.3147605       0.9999277
      0.3157380       0.9995015
      0.3167155       0.9986934
      0.3176931       0.9975035
      0.3186706       0.9959324
      0.3196481       0.9939806
      0.3206256       0.9916489
      0.3216031       0.9889382
      0.3225806       0.9858496
      0.3235582       0.9823841
      0.3245357       0.9785432
      0.3255132       0.9743282
      0.3264907       0.9697409
      0.3274682       0.9647830
      0.3284457       0.9594563
      0.3294233       0.9537628
      0.3304008       0.9477049
      0.3313783       0.9412847
      0.3323558       0.9345048
      0.3333333       0.9273677
      0.3343109       0.9198762
      0.3352884       0.9120330
      0.3362659       0.9038413
      0.3372434       0.8953042
      0.3382209       0.8864248
      0.3391984       0.8772067
      0.3401760       0.8676533
      0.3411535       0.8577683
      0.3421310       0.8475554
      0.3431085       0.8370186
      0.3440860       0.8261619
      0.3450635       0.8149894
      0.3460411       0.8035054
      0.3470186       0.7917143
      0.3479961       0.7796206
      0.3489736       0.7672290
      0.3499511       0.7545441
      0.3509286       0.7415708
      0.3519062       0.7283141
      0.3528837       0.7147791
      0.3538612       0.7009708
      0.3548387       0.6868946
      0.3558162       0.6725559
      0.3567937       0.6579601
      0.3577713       0.6431129
      0.3587488       0.6280199
      0.3597263       0.6126868
      0.3607038       0.5971196
      0.3616813       0.5813241
      0.3626588       0.5653064
      0.3636364       0.5490727
      0.3646139       0.5326292
      0.3655914       0.5159820
      0.3665689       0.4991377
      0.3675464       0.4821026
      0.3685239       0.4648832
      0.3695015       0.4474861
      0.3704790       0.4299180
      0.3714565       0.4121856
      0.3724340       0.3942957
      0.3734115       0.3762550
      0.3743891       0.3580706
      0.3753666       0.3397492
      0.3763441       0.3212981
      0.3773216       0.3027241
      0.3782991       0.2840344
      0.3792766       0.2652362
      0.3802542       0.2463366
      0.3812317       0.2273428
      0.3822092       0.2082622
      0.3831867       0.1891020
      0.3841642       0.1698694
      0.3851417       0.1505720
      0.3861193       0.1312170
      0.3870968       0.1118119
      0.3880743       0.0923640
      0.3890518       0.0728808
      0.3900293       0.0533698
      0.3910068       0.0338383
      0.3919844       0.0142940
      0.3929619      -0.0052559
      0.3939394      -0.0248037
      0.3949169      -0.0443420
      0.3958944      -0.0638634
      0.3968719      -0.0833604
      0.3978495      -0.1028255
      0.3988270      -0.1222514
      0.3998045      -0.1416305
      0.4007820      -0.1609554
      0.4017595      -0.1802189
      0.4027370      -0.1994135
      0.4037146      -0.2185318
      0.4046921      -0.2375666
      0.4056696      -0.2565107
      0.4066471      -0.2753567
      0.4076246      -0.2940974
      0.4086022      -0.3127258
      0.4095797      -0.3312346
      0.4105572      -0.3496168
      0.4115347      -0.3678654
      0.4125122      -0.3859734
      0.4134897      -0.4039339
      0.4144673      -0.4217399
      0.4154448      -0.4393848
      0.4164223      -0.4568618
      0.4173998      -0.4741642
      0.4183773      -0.4912853
      0.4193548      -0.5082186
      0.4203324      -0.5249578
      0.4213099      -0.5414962
      0.4222874      -0.5578277
      0.4232649      -0.5739460
      0.4242424      -0.5898450
      0.4252199      -0.6055185
      0.4261975      -0.6209605
      0.4271750      -0.6361653
      0.4281525      -0.6511269
      0.4291300      -0.6658396
      0.4301075      -0.6802978
      0.4310850      -0.6944960
      0.4320626      -0.7084288
      0.4330401      -0.7220909
      0.4340176      -0.7354769
      0.4349951      -0.7485818
      0.4359726      -0.7614007
      0.4369501      -0.7739285
      0.4379277      -0.7861605
      0.4389052      -0.7980920
      0.4398827      -0.8097185
      0.4408602      -0.8210356
      0.4418377      -0.8320388
      0.4428152      -0.8427240
      0.4437928      -0.8530871
      0.4447703      -0.8631242
      0.4457478      -0.8728314
      0.4467253      -0.8822050
      0.4477028      -0.8912414
      0.4486804      -0.8999372
      0.4496579      -0.9082890
      0.4506354      -0.9162936
      0.4516129      -0.9239481
      0.4525904      -0.9312494
      0.4535679      -0.9381948
      0.4545455      -0.9447816
      0.4555230      -0.9510073
      0.4565005      -0.9568695
      0.4574780      -0.9623660
      0.4584555      -0.9674947
      0.4594330      -0.9722536
      0.4604106      -0.9766409
      0.4613881      -0.9806549
      0.4623656      -0.9842942
      0.4633431      -0.9875572
      0.4643206      -0.9904428
      0.4652981      -0.9929498
      0.4662757      -0.9950773
      0.4672532      -0.9968245
      0.4682307      -0.9981907
      0.4692082      -0.9991754
      0.4701857      -0.9997782
      0.4711632      -0.9999989
      0.4721408      -0.9998373
      0.4731183      -0.9992937
      0.4740958      -0.9983681
      0.4750733      -0.9970609
      0.4760508      -0.9953726
      0.4770283      -0.9933039
      0.4780059      -0.9908556
      0.4789834      -0.9880286
      0.4799609      -0.9848239
      0.4809384      -0.9812428
      0.4819159      -0.9772867
      0.4828935      -0.9729571
      0.4838710      -0.9682556
      0.4848485      -0.9631840
      0.4858260      -0.9577443
      0.4868035      -0.9519385
      0.4877810      -0.9457689
      0.4887586      -0.9392378
      0.4897361      -0.9323478
      0.4907136      -0.9251014
      0.4916911      -0.9175014
      0.4926686      -0.9095508
      0.4936461      -0.9012525
      0.4946237      -0.8926098
      0.4956012      -0.8836259
      0.4965787      -0.8743042
      0.4975562      -0.8646484
      0.4985337      -0.8546622
      0.4995112      -0.8443493
      0.5004888      -0.8337136
      0.5014663      -0.8227594
      0.5024438      -0.8114906
      0.5034213      -0.7999117
      0.5043988      -0.7880271
      0.5053763      -0.7758413
      0.5063539      -0.7633589
      0.5073314      -0.7505848
      0.5083089      -0.7375239
      0.5092864      -0.7241810
      0.5102639      -0.7105614
      0.5112414      -0.6966701
      0.5122190      -0.6825127
      0.5131965      -0.6680943
      0.5141740      -0.6534206
      0.5151515      -0.6384972
      0.5161290      -0.6233297
      0.5171065      -0.6079240
      0.5180841      -0.5922859
      0.5190616      -0.5764215
      0.5200391      -0.5603367
      0.5210166      -0.5440378
      0.5219941      -0.5275310
      0.5229717      -0.5108225
      0.5239492      -0.4939188
      0.5249267      -0.4768263
      0.5259042      -0.4595516
      0.5268817      -0.4421012
      0.5278592      -0.4244819
      0.5288368      -0.4067003
      0.5298143      -0.3887632
      0.5307918      -0.3706776
      0.5317693      -0.3524503
      0.5327468      -0.3340883
      0.5337243      -0.3155987
      0.5347019      -0.2969884
      0.5356794      -0.2782645
      0.5366569      -0.2594344
      0.5376344      -0.2405050
      0.5386119      -0.2214838
      0.5395894      -0.2023779
      0.5405670      -0.1831946
      0.5415445      -0.1639414
      0.5425220      -0.1446254
      0.5434995      -0.1252542
      0.5444770      -0.1058352
      0.5454545      -0.0863756
      0.5464321      -0.0668831
      0.5474096      -0.0473650
      0.5483871      -0.0278288
      0.5493646      -0.0082819
      0.5503421       0.0112681
      0.5513196       0.0308138
      0.5522972       0.0503477
      0.5532747       0.0698624
      0.5542522       0.0893504
      0.5552297       0.1088042
      0.5562072       0.1282164
      0.5571848       0.1475797
      0.5581623       0.1668865
      0.5591398       0.1861296
      0.5601173       0.2053015
      0.5610948       0.2243949
      0.5620723       0.2434026
      0.5630499       0.2623173
      0.5640274       0.2811316
      0.5650049       0.2998386
      0.5659824       0.3184309
      0.5669599       0.3369016
      0.5679374       0.3552434
      0.5689150       0.3734495
      0.5698925       0.3915129
      0.5708700       0.4094266
      0.5718475       0.4271839
      0.5728250       0.4447778
      0.5738025       0.4622018
      0.5747801       0.4794491
      0.5757576       0.4965132
      0.5767351       0.5133875
      0.5777126       0.5300656
      0.5786901       0.5465411
      0.5796676       0.5628077
      0.5806452       0.5788592
      0.5816227       0.5946894
      0.5826002       0.6102924
      0.5835777       0.6256621
      0.5845552       0.6407926
      0.5855327       0.6556783
      0.5865103       0.6703134
      0.5874878       0.6846922
      0.5884653       0.6988094
      0.5894428       0.7126595
      0.5904203       0.7262372
      0.5913978       0.7395373
      0.5923754       0.7525548
      0.5933529       0.7652846
      0.5943304       0.7777220
      0.5953079       0.7898621
      0.5962854       0.8017003
      0.5972630       0.8132321
      0.5982405       0.8244531
      0.5992180       0.8353589
      0.6001955       0.8459455
      0.6011730       0.8562088
      0.6021505       0.8661448
      0.6031281       0.8757498
      0.6041056       0.8850201
      0.6050831       0.8939521
      0.6060606       0.9025424
      0.6070381       0.9107878
      0.6080156       0.9186851
      0.6089932       0.9262312
      0.6099707       0.9334234
      0.6109482       0.9402588
      0.6119257       0.9467348
      0.6129032       0.9528489
      0.6138807       0.9585989
      0.6148583       0.9639825
      0.6158358       0.9689977
      0.6168133       0.9736425
      0.6177908       0.9779152
      0.6187683       0.9818141
      0.6197458       0.9853378
      0.6207234       0.9884849
      0.6217009       0.9912541
      0.6226784       0.9936445
      0.6236559       0.9956551
      0.6246334       0.9972852
      0.6256109       0.9985342
      0.6265885       0.9994014
      0.6275660       0.9998867
      0.6285435       0.9999899
      0.6295210       0.9997108
      0.6304985       0.9990497
      0.6314761       0.9980067
      0.6324536       0.9965822
      0.6334311       0.9947769
      0.6344086       0.9925914
      0.6353861       0.9900265
      0.6363636       0.9870832
      0.6373412       0.9837626
      0.6383187       0.9800660
      0.6392962       0.9759949
      0.6402737       0.9715507
      0.6412512       0.9667352
      0.6422287       0.9615502
      0.6432063       0.9559977
      0.6441838       0.9500798
      0.6451613       0.9437988
      0.6461388       0.9371570
      0.6471163       0.9301571
      0.6480938       0.9228017
      0.6490714       0.9150935
      0.6500489       0.9070356
      0.6510264       0.8986311
      0.6520039       0.8898831
      0.6529814       0.8807949
      0.6539589       0.8713701
      0.6549365       0.8616123
      0.6559140       0.8515252
      0.6568915       0.8411126
      0.6578690       0.8303785
      0.6588465       0.8193271
      0.6598240       0.8079625
      0.6608016       0.7962891
      0.6617791       0.7843114
      0.6627566       0.7720339
      0.6637341       0.7594613
      0.6647116       0.7465985
      0.6656891       0.7334502
      0.6666667       0.7200217
      0.6676442       0.7063180
      0.6686217       0.6923443
      0.6695992       0.6781060
      0.6705767       0.6636086
      0.6715543       0.6488574
      0.6725318       0.6338583
      0.6735093       0.6186170
      0.6744868       0.6031392
      0.6754643       0.5874309
      0.6764418       0.5714980
      0.6774194       0.5553467
      0.6783969       0.5389832
      0.6793744       0.5224137
      0.6803519       0.5056445
      0.6813294       0.4886820
      0.6823069       0.4715328
      0.6832845       0.4542034
      0.6842620       0.4367003
      0.6852395       0.4190303
      0.6862170       0.4012002
      0.6871945       0.3832168
      0.6881720       0.3650869
      0.6891496       0.3468174
      0.6901271       0.3284154
      0.6911046       0.3098878
      0.6920821       0.2912419
      0.6930596       0.2724846
      0.6940371       0.2536231
      0.6950147       0.2346648
      0.6959922       0.2156167
      0.6969697       0.1964862
      0.6979472       0.1772807
      0.6989247       0.1580074
      0.6999022       0.1386736
      0.7008798       0.1192869
      0.7018573       0.0998546
      0.7028348       0.0803841
      0.7038123       0.0608829
      0.7047898       0.0413585
      0.7057674       0.0218182
      0.7067449       0.0022696
      0.7077224      -0.0172799
      0.7086999      -0.0368228
      0.7096774      -0.0563516
      0.7106549      -0.0758588
      0.7116325      -0.0953371
      0.7126100      -0.1147789
      0.7135875      -0.1341769
      0.7145650      -0.1535236
      0.7155425      -0.1728116
      0.7165200      -0.1920335
      0.7174976      -0.2111821
      0.7184751      -0.2302499
      0.7194526      -0.2492298
      0.7204301      -0.2681144
      0.7214076      -0.2868965
      0.7223851      -0.3055689
      0.7233627      -0.3241246
      0.7243402      -0.3425564
      0.7253177      -0.3608572
      0.7262952      -0.3790202
      0.7272727      -0.3970383
      0.7282502      -0.4149046
      0.7292278      -0.4326123
      0.7302053      -0.4501547
      0.7311828      -0.4675251
      0.7321603      -0.4847167
      0.7331378      -0.5017232
      0.7341153      -0.5185378
      0.7350929      -0.5351542
      0.7360704      -0.5515662
      0.7370479      -0.5677673
      0.7380254      -0.5837514
      0.7390029      -0.5995124
      0.7399804      -0.6150442
      0.7409580      -0.6303410
      0.7419355      -0.6453969
      0.7429130      -0.6602061
      0.7438905      -0.6747629
      0.7448680      -0.6890619
      0.7458456      -0.7030975
      0.7468231      -0.7168643
      0.7478006      -0.7303572
      0.7487781      -0.7435710
      0.7497556      -0.7565005
      0.7507331      -0.7691409
      0.7517107      -0.7814873
      0.7526882      -0.7935351
      0.7536657      -0.8052796
      0.7546432      -0.8167162
      0.7556207      -0.8278408
      0.7565982      -0.8386489
      0.7575758      -0.8491365
      0.7585533      -0.8592995
      0.7595308      -0.8691341
      0.7605083      -0.8786366
      0.7614858      -0.8878032
      0.7624633      -0.8966305
      0.7634409      -0.9051151
      0.7644184      -0.9132537
      0.7653959      -0.9210433
      0.7663734      -0.9284809
      0.7673509      -0.9355636
      0.7683284      -0.9422887
      0.7693060      -0.9486537
      0.7702835      -0.9546561
      0.7712610      -0.9602937
      0.7722385      -0.9655642
      0.7732160      -0.9704657
      0.7741935      -0.9749962
      0.7751711      -0.9791541
      0.7761486      -0.9829378
      0.7771261      -0.9863458
      0.7781036      -0.9893768
      0.7790811      -0.9920296
      0.7800587      -0.9943033
      0.7810362      -0.9961970
      0.7820137      -0.9977099
      0.7829912      -0.9988415
      0.7839687      -0.9995914
      0.7849462      -0.9999592
      0.7859238      -0.9999448
      0.7869013      -0.9995482
      0.7878788      -0.9987696
      0.7888563      -0.9976092
      0.7898338      -0.9960676
      0.7908113      -0.9941452
      0.7917889      -0.9918429
      0.7927664      -0.9891615
      0.7937439      -0.9861021
      0.7947214      -0.9826657
      0.7956989      -0.9788538
      0.7966764      -0.9746678
      0.7976540      -0.9701092
      0.7986315      -0.9651799
      0.7996090      -0.9598816
      0.8005865      -0.9542165
      0.8015640      -0.9481867
      0.8025415      -0.9417945
      0.8035191      -0.9350423
      0.8044966      -0.9279328
      0.8054741      -0.9204685
      0.8064516      -0.9126525
      0.8074291      -0.9044877
      0.8084066      -0.8959772
      0.8093842      -0.8871242
      0.8103617      -0.8779321
      0.8113392      -0.8684046
      0.8123167      -0.8585451
      0.8132942      -0.8483574
      0.8142717      -0.8378455
      0.8152493      -0.8270134
      0.8162268      -0.8158652
      0.8172043      -0.8044052
      0.8181818      -0.7926377
      0.8191593      -0.7805673
      0.8201369      -0.7681986
      0.8211144      -0.7555362
      0.8220919      -0.7425851
      0.8230694      -0.7293501
      0.8240469      -0.7158364
      0.8250244      -0.7020491
      0.8260020      -0.6879935
      0.8269795      -0.6736749
      0.8279570      -0.6590988
      0.8289345      -0.6442708
      0.8299120      -0.6291966
      0.8308895      -0.6138819
      0.8318671      -0.5983326
      0.8328446      -0.5825546
      0.8338221      -0.5665539
      0.8347996      -0.5503367
      0.8357771      -0.5339091
      0.8367546      -0.5172775
      0.8377322      -0.5004482
      0.8387097      -0.4834276
      0.8396872      -0.4662223
      0.8406647      -0.4488387
      0.8416422      -0.4312836
      0.8426197      -0.4135637
      0.8435973      -0.3956857
      0.8445748      -0.3776565
      0.8455523      -0.3594829
      0.8465298      -0.3411719
      0.8475073      -0.3227305
      0.8484848      -0.3041658
      0.8494624      -0.2854849
      0.8504399      -0.2666948
      0.8514174      -0.2478028
      0.8523949      -0.2288160
      0.8533724      -0.2097419
      0.8543500      -0.1905875
      0.8553275      -0.1713603
      0.8563050      -0.1520676
      0.8572825      -0.1327168
      0.8582600      -0.1133153
      0.8592375      -0.0938705
      0.8602151      -0.0743898
      0.8611926      -0.0548806
      0.8621701      -0.0353505
      0.8631476      -0.0158069
      0.8641251       0.0037428
      0.8651026       0.0232911
      0.8660802       0.0428304
      0.8670577       0.0623534
      0.8680352       0.0818525
      0.8690127       0.1013204
      0.8699902       0.1207495
      0.8709677       0.1401325
      0.8719453       0.1594619
      0.8729228       0.1787304
      0.8739003       0.1979306
      0.8748778       0.2170551
      0.8758553       0.2360966
      0.8768328       0.2550479
      0.8778104       0.2739018
      0.8787879       0.2926509
      0.8797654       0.3112882
      0.8807429       0.3298065
      0.8817204       0.3481988
      0.8826979       0.3664580
      0.8836755       0.3845771
      0.8846530       0.4025493
      0.8856305       0.4203675
      0.8866080       0.4380252
      0.8875855       0.4555154
      0.8885630       0.4728315
      0.8895406       0.4899669
      0.8905181       0.5069150
      0.8914956       0.5236693
      0.8924731       0.5402236
      0.8934506       0.5565713
      0.8944282       0.5727063
      0.8954057       0.5886225
      0.8963832       0.6043136
      0.8973607       0.6197738
      0.8983382       0.6349971
      0.8993157       0.6499777
      0.9002933       0.6647099
      0.9012708       0.6791881
      0.9022483       0.6934066
      0.9032258       0.7073601
      0.9042033       0.7210433
      0.9051808       0.7344509
      0.9061584       0.7475777
      0.9071359       0.7604189
      0.9081134       0.7729694
      0.9090909       0.7852245
      0.9100684       0.7971794
      0.9110459       0.8088297
      0.9120235       0.8201709
      0.9130010       0.8311985
      0.9139785       0.8419085
      0.9149560       0.8522967
      0.9159335       0.8623592
      0.9169110       0.8720920
      0.9178886       0.8814915
      0.9188661       0.8905542
      0.9198436       0.8992764
      0.9208211       0.9076550
      0.9217986       0.9156866
      0.9227761       0.9233683
      0.9237537       0.9306970
      0.9247312       0.9376700
      0.9257087       0.9442847
      0.9266862       0.9505384
      0.9276637       0.9564288
      0.9286413       0.9619537
      0.9296188       0.9671110
      0.9305963       0.9718985
      0.9315738       0.9763147
      0.9325513       0.9803577
      0.9335288       0.9840259
      0.9345064       0.9873181
      0.9354839       0.9902329
      0.9364614       0.9927693
      0.9374389       0.9949262
      0.9384164       0.9967029
      0.9393939       0.9980986
      0.9403715       0.9991128
      0.9413490       0.9997452
      0.9423265       0.9999954
      0.9433040       0.9998635
      0.9442815       0.9993494
      0.9452590       0.9984533
      0.9462366       0.9971757
      0.9472141       0.9955169
      0.9481916       0.9934776
      0.9491691       0.9910586
      0.9501466       0.9882608
      0.9511241       0.9850854
      0.9521017       0.9815334
      0.9530792       0.9776062
      0.9540567       0.9733054
      0.9550342       0.9686327
      0.9560117       0.9635897
      0.9569892       0.9581784
      0.9579668       0.9524009
      0.9589443       0.9462593
      0.9599218       0.9397562
      0.9608993       0.9328938
      0.9618768       0.9256749
      0.9628543       0.9181022
      0.9638319       0.9101786
      0.9648094       0.9019071
      0.9657869       0.8932909
      0.9667644       0.8843332
      0.9677419       0.8750376
      0.9687195       0.8654076
      0.9696970       0.8554468
      0.9706745       0.8451590
      0.9716520       0.8345482
      0.9726295       0.8236184
      0.9736070       0.8123739
      0.9745846       0.8008188
      0.9755621       0.7889577
      0.9765396       0.7767950
      0.9775171       0.7643355
      0.9784946       0.7515838
      0.9794721       0.7385448
      0.9804497       0.7252236
      0.9814272       0.7116252
      0.9824047       0.6977548
      0.9833822       0.6836177
      0.9843597       0.6692194
      0.9853372       0.6545652
      0.9863148       0.6396609
      0.9872923       0.6245121
      0.9882698       0.6091246
      0.9892473       0.5935043
      0.9902248       0.5776572
      0.9912023       0.5615893
      0.9921799       0.5453067
      0.9931574       0.5288158
      0.9941349       0.5121227
      0.9951124       0.4952338
      0.9960899       0.4781557
      0.9970674       0.4608949
      0.9980450       0.4434579
      0.9990225       0.4258513
      1.0000000       0.4080821
      1.0009775       0.3901568
