      0.0009775       0.9998090
      0.0019550       1.0056058
      0.0029326       1.0864096
      0.0039101       1.1636725
      0.0048876       1.2359900
      0.0058651       1.2027001
      0.0068426       1.0744891
      0.0078201       1.2166258
      0.0087977       1.1835261
      0.0097752       1.1891233
      0.0107527       1.0632256
      0.0117302       1.1904024
      0.0127077       0.9903558
      0.0136852       1.1848471
      0.0146628       1.1325527
      0.0156403       1.1351121
      0.0166178       1.0203203
      0.0175953       0.9511468
      0.0185728       1.1588470
      0.0195503       0.9489405
      0.0205279       0.9269769
      0.0215054       0.9301771
      0.0224829       1.0403011
      0.0234604       1.1235395
      0.0244379       0.9018266
      0.0254154       1.1015162
      0.0263930       0.8868429
      0.0273705       1.0133172
      0.0283480       1.0566106
      0.0293255       0.8631466
      0.0303030       1.0705420
      0.0312805       1.0051681
      0.0322581       0.8039190
      0.0332356       0.8295606
      0.0342131       1.0235716
      0.0351906       0.9508038
      0.0361681       0.8040776
      0.0371457       0.9013244
      0.0381232       0.8578914
      0.0391007       0.8295118
      0.0400782       0.9053905
      0.0410557       0.6877611
      0.0420332       0.9143134
      0.0430108       0.7987172
      0.0439883       0.8290989
      0.0449658       0.7333500
      0.0459433       0.7840982
      0.0469208       0.7896976
      0.0478983       0.6848597
      0.0488759       0.6112712
      0.0498534       0.7255457
      0.0508309       0.6926777
      0.0518084       0.6900397
      0.0527859       0.5454703
      0.0537634       0.5525587
      0.0547410       0.5239544
      0.0557185       0.6288175
      0.0566960       0.5605600
      0.0576735       0.5644985
      0.0586510       0.5451213
      0.0596285       0.4929680
      0.0606061       0.4687077
      0.0615836       0.3632906
      0.0625611       0.4478867
      0.0635386       0.3440825
      0.0645161       0.5187873
      0.0654936       0.4052804
      0.0664712       0.2434419
      0.0674487       0.2985937
      0.0684262       0.3392217
      0.0694037       0.3507778
      0.0703812       0.1666694
      0.0713587       0.2095421
      0.0723363       0.2389729
      0.0733138       0.3136930
      0.0742913       0.1421064
      0.0752688       0.2212522
      0.0762463       0.0572177
      0.0772239       0.1571219
      0.0782014       0.2091899
      0.0791789       0.0701652
      0.0801564       0.1906559
      0.0811339       0.1238450
      0.0821114       0.1151365
      0.0830890      -0.0260892
      0.0840665       0.0575168
      0.0850440       0.0340267
      0.0860215       0.0847852
      0.0869990       0.0744363
      0.0879765      -0.0623779
      0.0889541      -0.0993319
      0.0899316      -0.1465902
      0.0909091      -0.0939488
      0.0918866      -0.2215999
      0.0928641      -0.0509694
      0.0938416      -0.1673903
      0.0948192      -0.1854171
      0.0957967      -0.1971081
      0.0967742      -0.2642282
      0.0977517      -0.2528299
      0.0987292      -0.3447476
      0.0997067      -0.2601100
      0.1006843      -0.2687857
      0.1016618      -0.3266872
      0.1026393      -0.2768939
      0.1036168      -0.3155731
      0.1045943      -0.2541080
      0.1055718      -0.2923696
      0.1065494      -0.3353741
      0.1075269      -0.3033639
      0.1085044      -0.4030465
      0.1094819      -0.5032238
      0.1104594      -0.5364818
      0.1114370      -0.5406199
      0.1124145      -0.3919968
      0.1133920      -0.5869232
      0.1143695      -0.4877342
      0.1153470      -0.5344117
      0.1163245      -0.6216606
      0.1173021      -0.6568486
      0.1182796      -0.5027583
      0.1192571      -0.5105714
      0.1202346      -0.6265568
      0.1212121      -0.6015831
      0.1221896      -0.6087496
      0.1231672      -0.7311536
      0.1241447      -0.7681508
      0.1251222      -0.6259219
      0.1260997      -0.7499436
      0.1270772      -0.7516346
      0.1280547      -0.7414630
      0.1290323      -0.8080488
      0.1300098      -0.6398896
      0.1309873      -0.6262937
      0.1319648      -0.8292150
      0.1329423      -0.7176870
      0.1339198      -0.8442558
      0.1348974      -0.6631434
      0.1358749      -0.7610029
      0.1368524      -0.7351211
      0.1378299      -0.6959663
      0.1388074      -0.8456898
      0.1397849      -0.6962951
      0.1407625      -0.7538564
      0.1417400      -0.8109901
      0.1427175      -0.9135206
      0.1436950      -0.8062167
      0.1446725      -0.7670456
      0.1456500      -0.9353025
      0.1466276      -0.8285023
      0.1476051      -0.8174260
      0.1485826      -0.8913629
      0.1495601      -0.7843360
      0.1505376      -0.8552453
      0.1515152      -0.7482584
      0.1524927      -0.7635409
      0.1534702      -0.7943624
      0.1544477      -0.9851015
      0.1554252      -0.9491426
      0.1564027      -0.8420811
      0.1573803      -0.9737334
      0.1583578      -0.9587399
      0.1593353      -0.8693407
      0.1603128      -0.9456179
      0.1612903      -0.9296143
      0.1622678      -0.9772562
      0.1632454      -0.9873188
      0.1642229      -0.7884755
      0.1652004      -0.8514881
      0.1661779      -0.7482263
      0.1671554      -0.7999303
      0.1681329      -0.8405504
      0.1691105      -0.7774132
      0.1700880      -0.9555717
      0.1710655      -0.8982668
      0.1720430      -0.8018293
      0.1730205      -0.8602287
      0.1739980      -0.8878346
      0.1749756      -0.7088705
      0.1759531      -0.8787052
      0.1769306      -0.6834081
      0.1779081      -0.6980212
      0.1788856      -0.7330458
      0.1798631      -0.8383276
      0.1808407      -0.7945158
      0.1818182      -0.6535693
      0.1827957      -0.7732646
      0.1837732      -0.7250640
      0.1847507      -0.6692231
      0.1857283      -0.6145746
      0.1867058      -0.7469128
      0.1876833      -0.7800056
      0.1886608      -0.5994960
      0.1896383      -0.6408422
      0.1906158      -0.5847478
      0.1915934      -0.7583642
      0.1925709      -0.5737040
      0.1935484      -0.5951409
      0.1945259      -0.4958714
      0.1955034      -0.6669523
      0.1964809      -0.4827406
      0.1974585      -0.5716147
      0.1984360      -0.5922107
      0.1994135      -0.4422905
      0.2003910      -0.4864268
      0.2013685      -0.5067424
      0.2023460      -0.4634402
      0.2033236      -0.4619880
      0.2043011      -0.5074091
      0.2052786      -0.3526158
      0.2062561      -0.5016859
      0.2072336      -0.5047220
      0.2082111      -0.4562695
      0.2091887      -0.3325762
      0.2101662      -0.4271919
      0.2111437      -0.2579752
      0.2121212      -0.2840335
      0.2130987      -0.3957223
      0.2140762      -0.3306209
      0.2150538      -0.2462684
      0.2160313      -0.2776057
      0.2170088      -0.1648728
      0.2179863      -0.2450462
      0.2189638      -0.1908325
      0.2199413      -0.2228355
      0.2209189      -0.0978223
      0.2218964      -0.2203186
      0.2228739      -0.0618129
      0.2238514      -0.0993296
      0.2248289      -0.1005817
      0.2258065      -0.1452600
      0.2267840       0.0123508
      0.2277615      -0.0832863
      0.2287390      -0.0865736
      0.2297165       0.0407321
      0.2306940      -0.0159053
      0.2316716       0.1123027
      0.2326491       0.0473442
      0.2336266      -0.0216479
      0.2346041       0.1506046
      0.2355816       0.2419288
      0.2365591       0.2218102
      0.2375367       0.0781400
      0.2385142       0.1079440
      0.2394917       0.1879671
      0.2404692       0.3198645
      0.2414467       0.3144168
      0.2424242       0.3690966
      0.2434018       0.1653714
      0.2443793       0.2321221
      0.2453568       0.3092990
      0.2463343       0.2879044
      0.2473118       0.3345045
      0.2482893       0.3930513
      0.2492669       0.4895704
      0.2502444       0.5101271
      0.2512219       0.4822912
      0.2521994       0.3998364
      0.2531769       0.4728319
      0.2541544       0.5047213
      0.2551320       0.4964101
      0.2561095       0.5571175
      0.2570870       0.5635628
      0.2580645       0.5949555
      0.2590420       0.5390187
      0.2600196       0.6080713
      0.2609971       0.6778964
      0.2619746       0.6691545
      0.2629521       0.5207779
      0.2639296       0.6432302
      0.2649071       0.7945418
      0.2658847       0.5858597
      0.2668622       0.7688427
      0.2678397       0.6851638
      0.2688172       0.6328968
      0.2697947       0.8387748
      0.2707722       0.7501112
      0.2717498       0.6750238
      0.2727273       0.9016718
      0.2737048       0.7659423
      0.2746823       0.7338889
      0.2756598       0.8180920
      0.2766373       0.9684664
      0.2776149       0.8466265
      0.2785924       0.9070224
      0.2795699       0.9548314
      0.2805474       1.0269062
      0.2815249       0.8517998
      0.2825024       0.8971868
      0.2834800       0.8945305
      0.2844575       1.0698420
      0.2854350       0.9579167
      0.2864125       0.9526814
      0.2873900       0.9126811
      0.2883675       1.0936838
      0.2893451       0.8946641
      0.2903226       1.0996100
      0.2913001       0.9781307
      0.2922776       0.9930448
      0.2932551       0.9813464
      0.2942326       1.1651501
      0.2952102       1.1650095
      0.2961877       1.1545280
      0.2971652       1.0613212
      0.2981427       1.0484111
      0.2991202       1.1399694
      0.3000978       1.0932480
      0.3010753       1.1074597
      0.3020528       0.9988621
      0.3030303       1.0003538
      0.3040078       1.0936057
      0.3049853       1.1497212
      0.3059629       1.1436627
      0.3069404       1.0090802
      0.3079179       1.2082055
      0.3088954       1.1780247
      0.3098729       1.1946401
      0.3108504       1.0607904
      0.3118280       1.2227317
      0.3128055       1.0207453
      0.3137830       1.1928896
      0.3147605       1.0107209
      0.3157380       1.1143083
      0.3167155       1.0911479
      0.3176931       1.2197598
      0.3186706       1.0711378
      0.3196481       1.0507229
      0.3206256       1.0025129
      0.3216031       1.2060503
      0.3225806       1.1788105
      0.3235582       1.1315837
      0.3245357       1.2094919
      0.3255132       0.9904388
      0.3264907       1.1554229
      0.3274682       1.0021921
      0.3284457       1.0960356
      0.3294233       0.9912765
      0.3304008       0.9562164
      0.3313783       1.0247679
      0.3323558       0.9627507
      0.3333333       0.9980514
      0.3343109       1.0306871
      0.3352884       0.9409962
      0.3362659       1.0057487
      0.3372434       0.9321141
      0.3382209       0.9024417
      0.3391984       0.9294095
      0.3401760       1.0840333
      0.3411535       0.8745511
      0.3421310       0.9693137
      0.3431085       1.0801069
      0.3440860       0.9265064
      0.3450635       0.8659563
      0.3460411       1.0331889
      0.3470186       1.0146163
      0.3479961       0.9199861
      0.3489736       0.8702791
      0.3499511       0.9398564
      0.3509286       0.7674141
      0.3519062       0.9710703
      0.3528837       0.7556167
      0.3538612       0.8027195
      0.3548387       0.8092062
      0.3558162       0.7656318
      0.3567937       0.8640273
      0.3577713       0.7062794
      0.3587488       0.8650513
      0.3597263       0.7406553
      0.3607038       0.7806456
      0.3616813       0.7410857
      0.3626588       0.5733016
      0.3636364       0.5842401
      0.3646139       0.7678315
      0.3655914       0.5666387
      0.3665689       0.7134004
      0.3675464       0.5386072
      0.3685239       0.6130372
      0.3695015       0.6592228
      0.3704790       0.5689490
      0.3714565       0.5859158
      0.3724340       0.4583847
      0.3734115       0.5373075
      0.3743891       0.5796143
      0.3753666       0.5727686
      0.3763441       0.3462946
      0.3773216       0.5083964
      0.3782991       0.4979904
      0.3792766       0.3888493
      0.3802542       0.4194689
      0.3812317       0.3668454
      0.3822092       0.4078219
      0.3831867       0.3570613
      0.3841642       0.2900898
      0.3851417       0.3526337
      0.3861193       0.3344181
      0.3870968       0.1700764
      0.3880743       0.1177032
      0.3890518       0.2499363
      0.3900293       0.1924162
      0.3910068       0.1210973
      0.3919844       0.1030182
      0.3929619       0.0483810
      0.3939394       0.0401342
      0.3949169       0.1720839
      0.3958944      -0.0086737
      0.3968719      -0.0367325
      0.3978495      -0.0458560
      0.3988270      -0.0320643
      0.3998045       0.0418840
      0.4007820      -0.0798259
      0.4017595      -0.0056224
      0.4027370      -0.0986318
      0.4037146      -0.1082824
      0.4046921      -0.1517905
      0.4056696      -0.0495492
      0.4066471      -0.0847807
      0.4076246      -0.1279134
      0.4086022      -0.0930674
      0.4095797      -0.1200896
      0.4105572      -0.1027055
      0.4115347      -0.2040946
      0.4125122      -0.1733863
      0.4134897      -0.1780865
      0.4144673      -0.2101513
      0.4154448      -0.3877288
      0.4164223      -0.2963531
      0.4173998      -0.4399150
      0.4183773      -0.4431110
      0.4193548      -0.2665432
      0.4203324      -0.4347991
      0.4213099      -0.5011698
      0.4222874      -0.5536092
      0.4232649      -0.4495525
      0.4242424      -0.3469806
      0.4252199      -0.4464701
      0.4261975      -0.4000121
      0.4271750      -0.4244902
      0.4281525      -0.4945521
      0.4291300      -0.6509424
      0.4301075      -0.5983159
      0.4310850      -0.6190568
      0.4320626      -0.6774811
      0.4330401      -0.4955033
      0.4340176      -0.6722109
      0.4349951      -0.7073098
      0.4359726      -0.6920437
      0.4369501      -0.5272735
      0.4379277      -0.6420541
      0.4389052      -0.6599162
      0.4398827      -0.6618968
      0.4408602      -0.6296427
      0.4418377      -0.6195208
      0.4428152      -0.6843503
      0.4437928      -0.7092797
      0.4447703      -0.8277849
      0.4457478      -0.6504538
      0.4467253      -0.8596656
      0.4477028      -0.6505104
      0.4486804      -0.8049525
      0.4496579      -0.6670682
      0.4506354      -0.8684044
      0.4516129      -0.7660361
      0.4525904      -0.8182723
      0.4535679      -0.8237639
      0.4545455      -0.7166371
      0.4555230      -0.8018482
      0.4565005      -0.9455487
      0.4574780      -0.9398299
      0.4584555      -0.8436522
      0.4594330      -0.8209453
      0.4604106      -0.9575663
      0.4613881      -0.8623190
      0.4623656      -0.7764745
      0.4633431      -0.9577542
      0.4643206      -0.9784082
      0.4652981      -0.8180198
      0.4662757      -0.7689133
      0.4672532      -0.9179548
      0.4682307      -0.9834806
      0.4692082      -0.9744155
      0.4701857      -0.7591883
      0.4711632      -0.9799876
      0.4721408      -0.9066674
      0.4731183      -0.7965495
      0.4740958      -0.7727328
      0.4750733      -0.8837070
      0.4760508      -0.7885584
      0.4770283      -0.9131031
      0.4780059      -0.9212701
      0.4789834      -0.9010951
      0.4799609      -0.9390163
      0.4809384      -0.9047272
      0.4819159      -0.9374827
      0.4828935      -0.7593317
      0.4838710      -0.7515557
      0.4848485      -0.8201372
      0.4858260      -0.8647077
      0.4868035      -0.9169820
      0.4877810      -0.7007874
      0.4887586      -0.8100376
      0.4897361      -0.7990257
      0.4907136      -0.8902268
      0.4916911      -0.8000782
      0.4926686      -0.8348159
      0.4936461      -0.6796811
      0.4946237      -0.7116758
      0.4956012      -0.6915237
      0.4965787      -0.8099906
      0.4975562      -0.7812844
      0.4985337      -0.6800503
      0.4995112      -0.8020706
      0.5004888      -0.7505218
      0.5014663      -0.6579785
      0.5024438      -0.6766569
      0.5034213      -0.6933405
      0.5043988      -0.5805254
      0.5053763      -0.5456444
      0.5063539      -0.5215806
      0.5073314      -0.6155256
      0.5083089      -0.5537586
      0.5092864      -0.4835414
      0.5102639      -0.5741594
      0.5112414      -0.6444063
      0.5122190      -0.5112422
      0.5131965      -0.5255062
      0.5141740      -0.4699645
      0.5151515      -0.6077596
      0.5161290      -0.5366786
      0.5171065      -0.4111041
      0.5180841      -0.4686010
      0.5190616      -0.3695156
      0.5200391      -0.5376988
      0.5210166      -0.3297411
      0.5219941      -0.4494963
      0.5229717      -0.4136128
      0.5239492      -0.3947679
      0.5249267      -0.3805237
      0.5259042      -0.3453754
      0.5268817      -0.2473210
      0.5278592      -0.2362968
      0.5288368      -0.1692517
      0.5298143      -0.2984612
      0.5307918      -0.3666510
      0.5317693      -0.1262698
      0.5327468      -0.1704424
      0.5337243      -0.1474049
      0.5347019      -0.2780803
      0.5356794      -0.2377921
      0.5366569      -0.1113076
      0.5376344      -0.1439365
      0.5386119      -0.0786063
      0.5395894      -0.0723572
      0.5405670      -0.0401748
      0.5415445       0.0804533
      0.5425220       0.0471280
      0.5434995       0.0874821
      0.5444770      -0.0486293
      0.5454545       0.1540349
      0.5464321       0.0102109
      0.5474096       0.0185603
      0.5483871       0.1078720
      0.5493646       0.0492487
      0.5503421       0.1907019
      0.5513196       0.2721115
      0.5522972       0.2024335
      0.5532747       0.2131285
      0.5542522       0.2500812
      0.5552297       0.3055706
      0.5562072       0.1826585
      0.5571848       0.2882742
      0.5581623       0.1962702
      0.5591398       0.4205183
      0.5601173       0.4074084
      0.5610948       0.2939362
      0.5620723       0.3782945
      0.5630499       0.4442579
      0.5640274       0.4241939
      0.5650049       0.4240879
      0.5659824       0.5412830
      0.5669599       0.5324355
      0.5679374       0.3818439
      0.5689150       0.5129508
      0.5698925       0.5715670
      0.5708700       0.4349324
      0.5718475       0.4419637
      0.5728250       0.6008470
      0.5738025       0.5909228
      0.5747801       0.6357745
      0.5757576       0.6812749
      0.5767351       0.5671893
      0.5777126       0.5996116
      0.5786901       0.6433334
      0.5796676       0.5641078
      0.5806452       0.7916080
      0.5816227       0.8049627
      0.5826002       0.6361901
      0.5835777       0.8308281
      0.5845552       0.7434955
      0.5855327       0.8049957
      0.5865103       0.8322838
      0.5874878       0.7029489
      0.5884653       0.7814688
      0.5894428       0.9515756
      0.5904203       0.8658956
      0.5913978       0.9007614
      0.5923754       0.8595811
      0.5933529       1.0062765
      0.5943304       0.8072505
      0.5953079       0.9844506
      0.5962854       1.0119328
      0.5972630       0.9718695
      0.5982405       0.9525277
      0.5992180       1.0148936
      0.6001955       0.8832318
      0.6011730       0.8598531
      0.6021505       0.9604202
      0.6031281       0.9658390
      0.6041056       1.0761462
      0.6050831       0.9326086
      0.6060606       1.0268157
      0.6070381       1.1540405
      0.6080156       1.1128304
      0.6089932       1.0219600
      0.6099707       1.1541560
      0.6109482       1.1688130
      0.6119257       1.1932478
      0.6129032       1.0646336
      0.6138807       1.1458661
      0.6148583       1.0129158
      0.6158358       1.1493254
      0.6168133       1.0043018
      0.6177908       1.0986850
      0.6187683       1.0688569
      0.6197458       1.1297628
      0.6207234       1.1617733
      0.6217009       1.1432045
      0.6226784       1.1258059
      0.6236559       1.1609289
      0.6246334       1.1269522
      0.6256109       1.1480129
      0.6265885       1.0600397
      0.6275660       1.1408042
      0.6285435       1.2462158
      0.6295210       1.1689130
      0.6304985       1.1978578
      0.6314761       1.2413524
      0.6324536       1.1172262
      0.6334311       1.1330536
      0.6344086       1.2048978
      0.6353861       1.0790587
      0.6363636       1.1148007
      0.6373412       1.1182879
      0.6383187       1.0582050
      0.6392962       1.1847965
      0.6402737       1.0693392
      0.6412512       1.0561849
      0.6422287       1.0458346
      0.6432063       1.1307920
      0.6441838       1.1584358
      0.6451613       1.1270072
      0.6461388       1.1215492
      0.6471163       1.1674031
      0.6480938       0.9344877
      0.6490714       1.0035888
      0.6500489       1.0835758
      0.6510264       1.1100598
      0.6520039       1.0413858
      0.6529814       0.9394056
      0.6539589       0.9016847
      0.6549365       0.9121957
      0.6559140       0.9222361
      0.6568915       1.0634735
      0.6578690       1.0278246
      0.6588465       0.9161461
      0.6598240       1.0434011
      0.6608016       0.9093626
      0.6617791       1.0326692
      0.6627566       0.9188417
      0.6637341       0.9272621
      0.6647116       0.7814081
      0.6656891       0.9704714
      0.6666667       0.8118914
      0.6676442       0.9226069
      0.6686217       0.9049666
      0.6695992       0.7683264
      0.6705767       0.6787385
      0.6715543       0.6666474
      0.6725318       0.8639650
      0.6735093       0.6755935
      0.6744868       0.6102251
      0.6754643       0.6009973
      0.6764418       0.5793395
      0.6774194       0.5742586
      0.6783969       0.6519935
      0.6793744       0.6506883
      0.6803519       0.6490904
      0.6813294       0.5109676
      0.6823069       0.6270488
      0.6832845       0.5898624
      0.6842620       0.6222049
      0.6852395       0.4301797
      0.6862170       0.5468247
      0.6871945       0.4360534
      0.6881720       0.5712176
      0.6891496       0.4432201
      0.6901271       0.4706784
      0.6911046       0.4066130
      0.6920821       0.4738945
      0.6930596       0.3440860
      0.6940371       0.2574046
      0.6950147       0.4111361
      0.6959922       0.2503770
      0.6969697       0.2125950
      0.6979472       0.1829114
      0.6989247       0.4065367
      0.6999022       0.2983177
      0.7008798       0.3108845
      0.7018573       0.1115550
      0.7028348       0.1028899
      0.7038123       0.2869405
      0.7047898       0.1236003
      0.7057674       0.2405681
      0.7067449       0.1248453
      0.7077224       0.1573004
      0.7086999       0.1721308
      0.7096774      -0.0347411
      0.7106549       0.0257323
      0.7116325       0.0629454
      0.7126100      -0.0245918
      0.7135875       0.0125949
      0.7145650      -0.0748845
      0.7155425      -0.0137324
      0.7165200      -0.0154086
      0.7174976      -0.0506450
      0.7184751      -0.2200877
      0.7194526      -0.2175863
      0.7204301      -0.1190765
      0.7214076      -0.1731251
      0.7223851      -0.0883267
      0.7233627      -0.2606577
      0.7243402      -0.1459348
      0.7253177      -0.1119321
      0.7262952      -0.3369603
      0.7272727      -0.2358853
      0.7282502      -0.2225009
      0.7292278      -0.3536689
      0.7302053      -0.2993222
      0.7311828      -0.3929080
      0.7321603      -0.4331316
      0.7331378      -0.2621580
      0.7341153      -0.3715173
      0.7350929      -0.5209759
      0.7360704      -0.4415154
      0.7370479      -0.3603669
      0.7380254      -0.4626918
      0.7390029      -0.3712874
      0.7399804      -0.3733722
      0.7409580      -0.4520551
      0.7419355      -0.5820417
      0.7429130      -0.6331712
      0.7438905      -0.5986399
      0.7448680      -0.5357782
      0.7458456      -0.6060434
      0.7468231      -0.5255809
      0.7478006      -0.7044535
      0.7487781      -0.7407596
      0.7497556      -0.5095509
      0.7507331      -0.5985511
      0.7517107      -0.7800151
      0.7526882      -0.5533520
      0.7536657      -0.7247426
      0.7546432      -0.7394426
      0.7556207      -0.7049398
      0.7565982      -0.7929928
      0.7575758      -0.6074786
      0.7585533      -0.8156861
      0.7595308      -0.8145082
      0.7605083      -0.7430599
      0.7614858      -0.7572425
      0.7624633      -0.7613596
      0.7634409      -0.7765162
      0.7644184      -0.7629481
      0.7653959      -0.8697686
      0.7663734      -0.6903243
      0.7673509      -0.8633581
      0.7683284      -0.9204038
      0.7693060      -0.8900097
      0.7702835      -0.7801552
      0.7712610      -0.7634252
      0.7722385      -0.9161865
      0.7732160      -0.8992025
      0.7741935      -0.7275452
      0.7751711      -0.8141313
      0.7761486      -0.8582085
      0.7771261      -0.8581827
      0.7781036      -0.8170586
      0.7790811      -0.8410859
      0.7800587      -0.9766761
      0.7810362      -0.8948728
      0.7820137      -0.9890742
      0.7829912      -0.7807221
      0.7839687      -0.9262277
      0.7849462      -0.8580876
      0.7859238      -0.7975732
      0.7869013      -0.7631017
      0.7878788      -0.9554936
      0.7888563      -0.7908710
      0.7898338      -0.8613042
      0.7908113      -0.9889570
      0.7917889      -0.9057224
      0.7927664      -0.9038710
      0.7937439      -0.7840129
      0.7947214      -0.9158175
      0.7956989      -0.8088020
      0.7966764      -0.7407718
      0.7976540      -0.7336710
      0.7986315      -0.7379223
      0.7996090      -0.7551663
      0.8005865      -0.9230725
      0.8015640      -0.8465274
      0.8025415      -0.8979196
      0.8035191      -0.7009448
      0.8044966      -0.8351325
      0.8054741      -0.7154516
      0.8064516      -0.7248024
      0.8074291      -0.6787077
      0.8084066      -0.8060764
      0.8093842      -0.7842991
      0.8103617      -0.6887473
      0.8113392      -0.6755822
      0.8123167      -0.8253623
      0.8132942      -0.7308288
      0.8142717      -0.6700222
      0.8152493      -0.7130446
      0.8162268      -0.5740067
      0.8172043      -0.7880475
      0.8181818      -0.7085617
      0.8191593      -0.7188483
      0.8201369      -0.5794836
      0.8211144      -0.6856883
      0.8220919      -0.4986962
      0.8230694      -0.5884691
      0.8240469      -0.4744944
      0.8250244      -0.5349518
      0.8260020      -0.5501659
      0.8269795      -0.5913054
      0.8279570      -0.5410080
      0.8289345      -0.6051441
      0.8299120      -0.4563558
      0.8308895      -0.5724497
      0.8318671      -0.4855797
      0.8328446      -0.3350007
      0.8338221      -0.4476164
      0.8347996      -0.4528226
      0.8357771      -0.2877417
      0.8367546      -0.3117815
      0.8377322      -0.2619152
      0.8387097      -0.4525853
      0.8396872      -0.3665128
      0.8406647      -0.2486128
      0.8416422      -0.3048111
      0.8426197      -0.2181670
      0.8435973      -0.3616021
      0.8445748      -0.3596988
      0.8455523      -0.2663747
      0.8465298      -0.2512520
      0.8475073      -0.0855515
      0.8484848      -0.2761810
      0.8494624      -0.2383098
      0.8504399      -0.0306806
      0.8514174      -0.2384212
      0.8523949      -0.1813965
      0.8533724      -0.1430307
      0.8543500       0.0435701
      0.8553275      -0.0335121
      0.8563050      -0.0516752
      0.8572825       0.1079486
      0.8582600       0.0535447
      0.8592375       0.0296429
      0.8602151       0.0980244
      0.8611926       0.0256501
      0.8621701       0.0910947
      0.8631476       0.1471654
      0.8641251       0.1173766
      0.8651026       0.0654911
      0.8660802       0.2465049
      0.8670577       0.0697865
      0.8680352       0.2181714
      0.8690127       0.1338768
      0.8699902       0.1897333
      0.8709677       0.1798916
      0.8719453       0.3726236
      0.8729228       0.4034835
      0.8739003       0.1995421
      0.8748778       0.2927562
      0.8758553       0.3054589
      0.8768328       0.3329876
      0.8778104       0.4937623
      0.8787879       0.2944391
      0.8797654       0.4718180
      0.8807429       0.5728232
      0.8817204       0.5742654
      0.8826979       0.5889063
      0.8836755       0.4669779
      0.8846530       0.6198795
      0.8856305       0.4323970
      0.8866080       0.4552565
      0.8875855       0.4695799
      0.8885630       0.6168515
      0.8895406       0.5049400
      0.8905181       0.6963804
      0.8914956       0.6089645
      0.8924731       0.7375894
      0.8934506       0.6295805
      0.8944282       0.6387118
      0.8954057       0.8096445
      0.8963832       0.6689455
      0.8973607       0.8280851
      0.8983382       0.6373395
      0.8993157       0.8496800
      0.9002933       0.8751023
      0.9012708       0.8065492
      0.9022483       0.9115463
      0.9032258       0.9064741
      0.9042033       0.8771953
      0.9051808       0.9352724
      0.9061584       0.8809102
      0.9071359       0.8557125
      0.9081134       0.7763965
      0.9090909       0.9139418
      0.9100684       0.8525190
      0.9110459       0.8285321
      0.9120235       0.9754934
      0.9130010       0.8809271
      0.9139785       1.0489826
      0.9149560       0.9228541
      0.9159335       0.9437173
      0.9169110       0.9595381
      0.9178886       0.9362177
      0.9188661       1.0170472
      0.9198436       0.9275637
      0.9208211       1.0584500
      0.9217986       1.1378260
      0.9227761       0.9376405
      0.9237537       1.0994434
      0.9247312       1.1474268
      0.9257087       1.1816899
      0.9266862       1.0071019
      0.9276637       1.1545793
      0.9286413       1.1455569
      0.9296188       1.1167890
      0.9305963       0.9843400
      0.9315738       0.9770357
      0.9325513       1.1213818
      0.9335288       1.0759719
      0.9345064       1.0284344
      0.9354839       1.0894661
      0.9364614       1.1846860
      0.9374389       1.2183610
      0.9384164       1.1625550
      0.9393939       1.1058562
      0.9403715       1.0141962
      0.9413490       1.1591467
      0.9423265       1.1564860
      0.9433040       1.0346369
      0.9442815       1.0571449
      0.9452590       1.0391478
      0.9462366       1.0042950
      0.9472141       1.0933717
      0.9481916       1.1656650
      0.9491691       1.1230248
      0.9501466       1.1586673
      0.9511241       1.0720060
      0.9521017       1.1121768
      0.9530792       1.1815856
      0.9540567       0.9810290
      0.9550342       1.1545354
      0.9560117       0.9804021
      0.9569892       1.0197254
      0.9579668       1.0513610
      0.9589443       1.1584863
      0.9599218       0.9876048
      0.9608993       1.1744956
      0.9618768       1.1575774
      0.9628543       1.0824924
      0.9638319       1.0604586
      0.9648094       1.0943450
      0.9657869       1.0592876
      0.9667644       0.9479877
      0.9677419       1.0193911
      0.9687195       1.1088860
      0.9696970       0.9302319
      0.9706745       1.0815938
      0.9716520       0.9421443
      0.9726295       1.0477923
      0.9736070       0.9885880
      0.9745846       0.8289136
      0.9755621       0.9744373
      0.9765396       0.9443817
      0.9775171       0.8381530
      0.9784946       0.9163432
      0.9794721       0.8064729
      0.9804497       0.8930870
      0.9814272       0.8526801
      0.9824047       0.8779122
      0.9833822       0.8420233
      0.9843597       0.6940798
      0.9853372       0.7536090
      0.9863148       0.7227406
      0.9872923       0.6246042
      0.9882698       0.7946754
      0.9892473       0.5990420
      0.9902248       0.5945248
      0.9912023       0.6842182
      0.9921799       0.7377054
      0.9931574       0.5924573
      0.9941349       0.6374387
      0.9951124       0.5987215
      0.9960899       0.6622754
      0.9970674       0.5091089
      0.9980450       0.6865086
      0.9990225       0.4341856
      1.0000000       0.6027064
      1.0009775       0.4116660
