              1     178.4244279
              2      51.9063635
              3      83.9158851
              4     487.2439593
              5     108.3750957
              6      45.1224726
              7      29.6309559
              8      20.9056401
              9      17.8072745
             10      14.4940177
             11      13.3171074
             12       9.9076597
             13      10.3518183
             14       9.9411015
             15       8.9807877
             16       8.3468385
             17       6.2140666
             18       9.3734837
             19       6.8558928
             20       4.8544411
             21       5.3475324
             22       4.6771099
             23       6.8318101
             24       7.0820643
             25       5.8392664
             26       6.0068024
             27       4.8831002
             28       4.5975492
             29       5.2262979
             30       6.4666225
             31       5.7554235
             32       1.5626808
             33       5.0209638
             34       4.6863884
             35       1.8856506
             36       3.9815638
             37       2.0035180
             38       3.5640583
             39       5.7746550
             40       2.3528916
             41       4.9924665
             42       4.2104746
             43       1.2307703
             44       2.8778465
             45       1.5770732
             46       3.2968651
             47       2.4792014
             48       4.9710214
             49       5.1128273
             50       1.2864231
             51       4.4166340
             52       1.7931199
             53       3.3833561
             54       3.8118674
             55       1.0322310
             56       2.6317930
             57       4.1893781
             58       0.8688779
             59       2.4574511
             60       2.4631483
             61       2.8571262
             62       3.3067233
             63       3.1903343
             64       4.2299264
             65       0.5775953
             66       1.0051953
             67       1.0173224
             68       0.4568948
             69       2.3904563
             70       3.1673710
             71       4.3357432
             72       2.0546243
             73       1.8098004
             74       2.4121031
             75       1.5431784
             76       1.3958400
             77       4.3671030
             78       1.9848031
             79       4.2155579
             80       1.9794614
             81       0.3688272
             82       1.7180416
             83       3.0811745
             84       0.8132074
             85       3.2779855
             86       2.2438344
             87       5.8258369
             88       3.8202199
             89       5.6193200
             90       3.2138318
             91       3.6535431
             92       3.8668013
             93       1.3159542
             94       2.8169559
             95       0.9229499
             96       1.0670223
             97       2.9944060
             98       1.9273233
             99       1.9150753
            100       1.1980109
            101       1.7397091
            102       0.6995342
            103       2.7766831
            104       3.5291508
            105       2.0311910
            106       1.4920167
            107       2.2081314
            108       0.5019370
            109       2.7777274
            110       1.2011940
            111       2.9786969
            112       1.7909119
            113       0.2297315
            114       1.5443249
            115       1.7357455
            116       1.7929479
            117       1.9057151
            118       0.9335917
            119       1.5694143
            120       1.7012659
            121       1.2400655
            122       4.5843724
            123       1.5442126
            124       0.4686313
            125       1.0930606
            126       1.6734161
            127       2.3934151
            128       1.7556623
            129       3.9250441
            130       1.8789098
            131       2.8830512
            132       1.7303133
            133       0.8510611
            134       2.0402919
            135       1.2298034
            136       2.3647567
            137       0.8220267
            138       1.4509848
            139       0.5534451
            140       1.6461481
            141       1.2587006
            142       1.2787744
            143       3.6733851
            144       1.8539349
            145       1.4848598
            146       2.1088501
            147       2.1267099
            148       3.4286958
            149       1.2717271
            150       0.8787751
            151       0.6736733
            152       2.1132456
            153       2.8008890
            154       1.8744281
            155       1.7976506
            156       3.1541591
            157       0.8028898
            158       2.4540944
            159       1.1548174
            160       1.5219612
            161       0.7281390
            162       0.7405284
            163       2.1725692
            164       1.7500896
            165       1.1648846
            166       0.2033532
            167       2.3214986
            168       1.8279122
            169       3.2633037
            170       3.4197195
            171       1.5418451
            172       2.2442396
            173       1.2563152
            174       2.2959946
            175       2.2875756
            176       2.0399073
            177       1.9060694
            178       2.4719082
            179       1.9417815
            180       2.5014308
            181       0.7567913
            182       3.8268102
            183       4.1993939
            184       1.9777037
            185       3.0524373
            186       3.2233849
            187       1.8007049
            188       1.7755329
            189       2.6220292
            190       2.5991538
            191       1.9304640
            192       1.6342559
            193       0.9308371
            194       0.2023328
            195       2.1212495
            196       1.8321150
            197       1.2900886
            198       1.6434332
            199       2.1183392
            200       0.1596919
            201       2.1254601
            202       3.3734628
            203       1.8907760
            204       1.8676687
            205       0.7580058
            206       1.6872724
            207       2.0141133
            208       2.6409919
            209       2.7572992
            210       2.5013561
            211       3.5386809
            212       3.0877651
            213       2.0791402
            214       0.5726460
            215       1.5802518
            216       1.5855892
            217       1.0465130
            218       2.2650163
            219       2.8766553
            220       1.3637501
            221       2.8099131
            222       1.4055322
            223       1.4584774
            224       2.2418504
            225       1.3520536
            226       2.7076976
            227       1.5578507
            228       4.8058368
            229       2.6823535
            230       2.4553420
            231       0.9226663
            232       2.8259546
            233       1.9723379
            234       1.8653039
            235       2.9743863
            236       3.0760704
            237       3.3016275
            238       3.0230756
            239       3.4774631
            240       3.2143568
            241       3.6559097
            242       4.1428390
            243       0.5176218
            244       1.1052149
            245       2.5933093
            246       5.0036649
            247       2.6891005
            248       0.4504281
            249       2.0523923
            250       2.3422930
            251       1.7991847
            252       0.8851044
            253       0.5561523
            254       4.9601004
            255       0.4738783
            256       1.9438682
            257       0.9691607
            258       1.6613598
            259       1.1208554
            260       2.1935769
            261       2.4773238
            262       0.9298025
            263       2.0527203
            264       1.2078881
            265       2.8895417
            266       4.9580265
            267       2.9449896
            268       1.6376656
            269       2.0135763
            270       2.2061285
            271       3.3882072
            272       3.8027539
            273       2.6522621
            274       4.1822228
            275       0.6679191
            276       3.0143701
            277       2.7129032
            278       1.5130215
            279       2.7718344
            280       3.4091976
            281       0.2314765
            282       0.9053991
            283       4.3276719
            284       0.3061764
            285       2.1606072
            286       3.1872010
            287       3.0777796
            288       1.8243554
            289       2.5968624
            290       1.4284013
            291       1.7895589
            292       1.3419193
            293       1.8342739
            294       1.0029829
            295       2.6015959
            296       2.2405385
            297       1.7258192
            298       2.6368711
            299       3.3417761
            300       3.1905245
            301       1.9248782
            302       2.7062225
            303       2.0397474
            304       2.5869329
            305       1.1381632
            306       1.3638355
            307       1.2214094
            308       1.2768115
            309       0.5249000
            310       2.4667449
            311       3.0716890
            312       1.2151967
            313       1.7938112
            314       1.9854283
            315       1.6520166
            316       0.3534282
            317       2.8066625
            318       2.1962091
            319       2.5634434
            320       1.8719312
            321       2.0985347
            322       3.1082702
            323       3.5952888
            324       0.3717472
            325       4.0141561
            326       0.9864569
            327       3.6626511
            328       4.2502384
            329       1.6862996
            330       2.3854557
            331       0.7624558
            332       0.9565601
            333       0.7853334
            334       3.0599160
            335       1.7553564
            336       1.0970711
            337       1.8410948
            338       1.0826156
            339       1.1621287
            340       3.3410817
            341       0.7863118
            342       3.8660399
            343       3.2617363
            344       3.4381168
            345       4.2822189
            346       1.5976068
            347       0.9610493
            348       0.3200675
            349       0.4430783
            350       0.8749320
            351       0.1974177
            352       0.4330307
            353       0.3231879
            354       1.2618831
            355       0.5178577
            356       3.4274811
            357       2.4818934
            358       1.4216173
            359       1.3745289
            360       2.4842950
            361       1.9855031
            362       2.9860768
            363       4.0416158
            364       2.5963025
            365       2.8742915
            366       2.8686219
            367       2.5073634
            368       1.8796096
            369       0.7285447
            370       3.3124174
            371       2.1530623
            372       1.4742710
            373       1.9691850
            374       2.3905866
            375       1.9386438
            376       1.6734942
            377       0.4828685
            378       1.2282743
            379       1.4475598
            380       2.7566501
            381       2.1289462
            382       1.6595306
            383       2.4063605
            384       0.9730473
            385       0.3817178
            386       0.5785194
            387       3.7441253
            388       1.1563596
            389       0.9892578
            390       1.4939926
            391       5.3252462
            392       1.2572314
            393       1.2211503
            394       1.4238231
            395       2.9426927
            396       1.7036989
            397       3.0052957
            398       0.5893448
            399       2.4426770
            400       1.8632174
            401       2.3109678
            402       3.0957104
            403       3.6002473
            404       2.1604661
            405       1.3870079
            406       1.0873402
            407       2.6442464
            408       3.6001598
            409       3.8518887
            410       2.3193307
            411       2.2996214
            412       0.3920842
            413       3.5131181
            414       1.8328012
            415       1.1964222
            416       1.0712938
            417       1.5257700
            418       2.0326571
            419       3.6700593
            420       4.5499481
            421       3.4608072
            422       1.6667230
            423       1.6755569
            424       0.7978382
            425       2.8308890
            426       3.2365808
            427       0.5750370
            428       2.2633328
            429       1.8925456
            430       3.4390429
            431       2.3843044
            432       2.5043025
            433       1.1078682
            434       3.8462893
            435       1.6678680
            436       2.9929943
            437       2.2388502
            438       1.7775487
            439       1.7604856
            440       0.9897759
            441       1.9556456
            442       2.3355808
            443       1.2361863
            444       4.5682221
            445       1.8577587
            446       1.2475013
            447       1.6737585
            448       1.9387449
            449       1.9198672
            450       1.8851076
            451       2.8797116
            452       1.0749141
            453       1.9129897
            454       0.6499956
            455       4.6522507
            456       3.3867855
            457       1.4637248
            458       3.1484224
            459       1.9733991
            460       3.6745000
            461       2.4461756
            462       2.8786446
            463       2.8180080
            464       2.1555655
            465       1.2579258
            466       1.9495728
            467       1.3445561
            468       2.2382960
            469       3.3301108
            470       0.7680575
            471       3.7883651
            472       2.6891682
            473       2.4264671
            474       1.1012905
            475       3.7968354
            476       0.2699397
            477       1.0682040
            478       1.9327917
            479       4.1713861
            480       1.7729571
            481       2.2585488
            482       4.2420922
            483       3.5921315
            484       0.5638366
            485       2.9031740
            486       4.0287121
            487       3.5943692
            488       3.9832362
            489       2.1517964
            490       2.5313906
            491       1.9635979
            492       1.0716673
            493       1.6592534
            494       3.3413158
            495       3.0933186
            496       4.7575907
            497       1.0223117
            498       2.5806235
            499       0.2970802
            500       2.4419930
            501       1.7718208
            502       2.0214033
            503       3.6685531
            504       3.3280613
            505       1.5620772
            506       1.1343201
            507       3.3853943
            508       1.3311373
            509       2.0215295
            510       1.5810542
            511       1.8910435
            512       3.2808705
            513       2.4871158
