      0.0009775       1.0639350
      0.0019550       1.0568251
      0.0029326       1.0495155
      0.0039101       1.0420075
      0.0048876       1.0343026
      0.0058651       1.0264022
      0.0068426       1.0183077
      0.0078201       1.0100206
      0.0087977       1.0015426
      0.0097752       0.9928750
      0.0107527       0.9840196
      0.0117302       0.9749781
      0.0127077       0.9657520
      0.0136852       0.9563432
      0.0146628       0.9467534
      0.0156403       0.9369845
      0.0166178       0.9270382
      0.0175953       0.9169165
      0.0185728       0.9066212
      0.0195503       0.8961545
      0.0205279       0.8855182
      0.0215054       0.8747144
      0.0224829       0.8637453
      0.0234604       0.8526128
      0.0244379       0.8413193
      0.0254154       0.8298669
      0.0263930       0.8182579
      0.0273705       0.8064945
      0.0283480       0.7945791
      0.0293255       0.7825141
      0.0303030       0.7703018
      0.0312805       0.7579448
      0.0322581       0.7454454
      0.0332356       0.7328064
      0.0342131       0.7200301
      0.0351906       0.7071193
      0.0361681       0.6940766
      0.0371457       0.6809047
      0.0381232       0.6676064
      0.0391007       0.6541843
      0.0400782       0.6406414
      0.0410557       0.6269805
      0.0420332       0.6132045
      0.0430108       0.5993163
      0.0439883       0.5853189
      0.0449658       0.5712154
      0.0459433       0.5570088
      0.0469208       0.5427021
      0.0478983       0.5282986
      0.0488759       0.5138014
      0.0498534       0.4992138
      0.0508309       0.4845389
      0.0518084       0.4697801
      0.0527859       0.4549408
      0.0537634       0.4400242
      0.0547410       0.4250338
      0.0557185       0.4099730
      0.0566960       0.3948454
      0.0576735       0.3796544
      0.0586510       0.3644036
      0.0596285       0.3490966
      0.0606061       0.3337369
      0.0615836       0.3183284
      0.0625611       0.3028746
      0.0635386       0.2873792
      0.0645161       0.2718461
      0.0654936       0.2562791
      0.0664712       0.2406819
      0.0674487       0.2250583
      0.0684262       0.2094124
      0.0694037       0.1937480
      0.0703812       0.1780690
      0.0713587       0.1623794
      0.0723363       0.1466832
      0.0733138       0.1309845
      0.0742913       0.1152872
      0.0752688       0.0995955
      0.0762463       0.0839134
      0.0772239       0.0682451
      0.0782014       0.0525947
      0.0791789       0.0369664
      0.0801564       0.0213644
      0.0811339       0.0057929
      0.0821114      -0.0097440
      0.0830890      -0.0252419
      0.0840665      -0.0406967
      0.0850440      -0.0561039
      0.0860215      -0.0714594
      0.0869990      -0.0867589
      0.0879765      -0.1019980
      0.0889541      -0.1171724
      0.0899316      -0.1322778
      0.0909091      -0.1473098
      0.0918866      -0.1622642
      0.0928641      -0.1771365
      0.0938416      -0.1919223
      0.0948192      -0.2066174
      0.0957967      -0.2212174
      0.0967742      -0.2357179
      0.0977517      -0.2501145
      0.0987292      -0.2644029
      0.0997067      -0.2785787
      0.1006843      -0.2926376
      0.1016618      -0.3065753
      0.1026393      -0.3203873
      0.1036168      -0.3340694
      0.1045943      -0.3476173
      0.1055718      -0.3610267
      0.1065494      -0.3742932
      0.1075269      -0.3874126
      0.1085044      -0.4003807
      0.1094819      -0.4131931
      0.1104594      -0.4258458
      0.1114370      -0.4383345
      0.1124145      -0.4506550
      0.1133920      -0.4628031
      0.1143695      -0.4747749
      0.1153470      -0.4865661
      0.1163245      -0.4981727
      0.1173021      -0.5095908
      0.1182796      -0.5208162
      0.1192571      -0.5318451
      0.1202346      -0.5426734
      0.1212121      -0.5532974
      0.1221896      -0.5637132
      0.1231672      -0.5739170
      0.1241447      -0.5839050
      0.1251222      -0.5936736
      0.1260997      -0.6032190
      0.1270772      -0.6125376
      0.1280547      -0.6216259
      0.1290323      -0.6304803
      0.1300098      -0.6390975
      0.1309873      -0.6474739
      0.1319648      -0.6556063
      0.1329423      -0.6634914
      0.1339198      -0.6711259
      0.1348974      -0.6785066
      0.1358749      -0.6856306
      0.1368524      -0.6924946
      0.1378299      -0.6990958
      0.1388074      -0.7054313
      0.1397849      -0.7114982
      0.1407625      -0.7172938
      0.1417400      -0.7228154
      0.1427175      -0.7280604
      0.1436950      -0.7330263
      0.1446725      -0.7377105
      0.1456500      -0.7421108
      0.1466276      -0.7462248
      0.1476051      -0.7500504
      0.1485826      -0.7535853
      0.1495601      -0.7568277
      0.1505376      -0.7597754
      0.1515152      -0.7624267
      0.1524927      -0.7647799
      0.1534702      -0.7668331
      0.1544477      -0.7685848
      0.1554252      -0.7700336
      0.1564027      -0.7711780
      0.1573803      -0.7720167
      0.1583578      -0.7725486
      0.1593353      -0.7727725
      0.1603128      -0.7726874
      0.1612903      -0.7722924
      0.1622678      -0.7715867
      0.1632454      -0.7705696
      0.1642229      -0.7692406
      0.1652004      -0.7675991
      0.1661779      -0.7656447
      0.1671554      -0.7633772
      0.1681329      -0.7607964
      0.1691105      -0.7579023
      0.1700880      -0.7546949
      0.1710655      -0.7511744
      0.1720430      -0.7473410
      0.1730205      -0.7431951
      0.1739980      -0.7387372
      0.1749756      -0.7339680
      0.1759531      -0.7288882
      0.1769306      -0.7234985
      0.1779081      -0.7178000
      0.1788856      -0.7117938
      0.1798631      -0.7054809
      0.1808407      -0.6988627
      0.1818182      -0.6919407
      0.1827957      -0.6847163
      0.1837732      -0.6771912
      0.1847507      -0.6693672
      0.1857283      -0.6612461
      0.1867058      -0.6528299
      0.1876833      -0.6441208
      0.1886608      -0.6351209
      0.1896383      -0.6258327
      0.1906158      -0.6162586
      0.1915934      -0.6064011
      0.1925709      -0.5962629
      0.1935484      -0.5858469
      0.1945259      -0.5751559
      0.1955034      -0.5641931
      0.1964809      -0.5529615
      0.1974585      -0.5414644
      0.1984360      -0.5297052
      0.1994135      -0.5176874
      0.2003910      -0.5054145
      0.2013685      -0.4928903
      0.2023460      -0.4801186
      0.2033236      -0.4671033
      0.2043011      -0.4538484
      0.2052786      -0.4403581
      0.2062561      -0.4266366
      0.2072336      -0.4126883
      0.2082111      -0.3985176
      0.2091887      -0.3841290
      0.2101662      -0.3695273
      0.2111437      -0.3547172
      0.2121212      -0.3397035
      0.2130987      -0.3244911
      0.2140762      -0.3090852
      0.2150538      -0.2934908
      0.2160313      -0.2777132
      0.2170088      -0.2617577
      0.2179863      -0.2456297
      0.2189638      -0.2293347
      0.2199413      -0.2128782
      0.2209189      -0.1962661
      0.2218964      -0.1795039
      0.2228739      -0.1625975
      0.2238514      -0.1455528
      0.2248289      -0.1283758
      0.2258065      -0.1110726
      0.2267840      -0.0936493
      0.2277615      -0.0761120
      0.2287390      -0.0584670
      0.2297165      -0.0407207
      0.2306940      -0.0228794
      0.2316716      -0.0049497
      0.2326491       0.0130621
      0.2336266       0.0311494
      0.2346041       0.0493054
      0.2355816       0.0675236
      0.2365591       0.0857973
      0.2375367       0.1041196
      0.2385142       0.1224838
      0.2394917       0.1408830
      0.2404692       0.1593104
      0.2414467       0.1777590
      0.2424242       0.1962219
      0.2434018       0.2146920
      0.2443793       0.2331625
      0.2453568       0.2516262
      0.2463343       0.2700760
      0.2473118       0.2885050
      0.2482893       0.3069060
      0.2492669       0.3252719
      0.2502444       0.3435957
      0.2512219       0.3618701
      0.2521994       0.3800881
      0.2531769       0.3982425
      0.2541544       0.4163262
      0.2551320       0.4343320
      0.2561095       0.4522530
      0.2570870       0.4700819
      0.2580645       0.4878116
      0.2590420       0.5054352
      0.2600196       0.5229454
      0.2609971       0.5403354
      0.2619746       0.5575981
      0.2629521       0.5747265
      0.2639296       0.5917136
      0.2649071       0.6085527
      0.2658847       0.6252366
      0.2668622       0.6417587
      0.2678397       0.6581122
      0.2688172       0.6742903
      0.2697947       0.6902862
      0.2707722       0.7060934
      0.2717498       0.7217053
      0.2727273       0.7371153
      0.2737048       0.7523170
      0.2746823       0.7673040
      0.2756598       0.7820699
      0.2766373       0.7966084
      0.2776149       0.8109134
      0.2785924       0.8249788
      0.2795699       0.8387985
      0.2805474       0.8523665
      0.2815249       0.8656771
      0.2825024       0.8787243
      0.2834800       0.8915025
      0.2844575       0.9040061
      0.2854350       0.9162297
      0.2864125       0.9281677
      0.2873900       0.9398148
      0.2883675       0.9511660
      0.2893451       0.9622160
      0.2903226       0.9729599
      0.2913001       0.9833928
      0.2922776       0.9935099
      0.2932551       1.0033067
      0.2942326       1.0127784
      0.2952102       1.0219208
      0.2961877       1.0307296
      0.2971652       1.0392005
      0.2981427       1.0473296
      0.2991202       1.0551129
      0.3000978       1.0625466
      0.3010753       1.0696272
      0.3020528       1.0763511
      0.3030303       1.0827149
      0.3040078       1.0887153
      0.3049853       1.0943494
      0.3059629       1.0996141
      0.3069404       1.1045067
      0.3079179       1.1090245
      0.3088954       1.1131649
      0.3098729       1.1169256
      0.3108504       1.1203044
      0.3118280       1.1232992
      0.3128055       1.1259081
      0.3137830       1.1281294
      0.3147605       1.1299614
      0.3157380       1.1314027
      0.3167155       1.1324521
      0.3176931       1.1331084
      0.3186706       1.1333705
      0.3196481       1.1332378
      0.3206256       1.1327096
      0.3216031       1.1317854
      0.3225806       1.1304648
      0.3235582       1.1287477
      0.3245357       1.1266341
      0.3255132       1.1241243
      0.3264907       1.1212184
      0.3274682       1.1179170
      0.3284457       1.1142208
      0.3294233       1.1101305
      0.3304008       1.1056473
      0.3313783       1.1007722
      0.3323558       1.0955065
      0.3333333       1.0898518
      0.3343109       1.0838097
      0.3352884       1.0773820
      0.3362659       1.0705707
      0.3372434       1.0633780
      0.3382209       1.0558060
      0.3391984       1.0478574
      0.3401760       1.0395347
      0.3411535       1.0308407
      0.3421310       1.0217784
      0.3431085       1.0123509
      0.3440860       1.0025614
      0.3450635       0.9924134
      0.3460411       0.9819105
      0.3470186       0.9710563
      0.3479961       0.9598548
      0.3489736       0.9483100
      0.3499511       0.9364261
      0.3509286       0.9242074
      0.3519062       0.9116585
      0.3528837       0.8987839
      0.3538612       0.8855884
      0.3548387       0.8720770
      0.3558162       0.8582547
      0.3567937       0.8441268
      0.3577713       0.8296984
      0.3587488       0.8149752
      0.3597263       0.7999627
      0.3607038       0.7846667
      0.3616813       0.7690929
      0.3626588       0.7532475
      0.3636364       0.7371365
      0.3646139       0.7207661
      0.3655914       0.7041428
      0.3665689       0.6872729
      0.3675464       0.6701630
      0.3685239       0.6528199
      0.3695015       0.6352503
      0.3704790       0.6174611
      0.3714565       0.5994594
      0.3724340       0.5812522
      0.3734115       0.5628468
      0.3743891       0.5442505
      0.3753666       0.5254706
      0.3763441       0.5065147
      0.3773216       0.4873902
      0.3782991       0.4681048
      0.3792766       0.4486663
      0.3802542       0.4290825
      0.3812317       0.4093612
      0.3822092       0.3895103
      0.3831867       0.3695379
      0.3841642       0.3494520
      0.3851417       0.3292607
      0.3861193       0.3089723
      0.3870968       0.2885949
      0.3880743       0.2681369
      0.3890518       0.2476065
      0.3900293       0.2270121
      0.3910068       0.2063621
      0.3919844       0.1856650
      0.3929619       0.1649292
      0.3939394       0.1441632
      0.3949169       0.1233756
      0.3958944       0.1025747
      0.3968719       0.0817693
      0.3978495       0.0609678
      0.3988270       0.0401789
      0.3998045       0.0194110
      0.4007820      -0.0013272
      0.4017595      -0.0220271
      0.4027370      -0.0426803
      0.4037146      -0.0632781
      0.4046921      -0.0838120
      0.4056696      -0.1042736
      0.4066471      -0.1246542
      0.4076246      -0.1449454
      0.4086022      -0.1651389
      0.4095797      -0.1852261
      0.4105572      -0.2051987
      0.4115347      -0.2250484
      0.4125122      -0.2447669
      0.4134897      -0.2643459
      0.4144673      -0.2837773
      0.4154448      -0.3030530
      0.4164223      -0.3221648
      0.4173998      -0.3411047
      0.4183773      -0.3598649
      0.4193548      -0.3784373
      0.4203324      -0.3968143
      0.4213099      -0.4149881
      0.4222874      -0.4329511
      0.4232649      -0.4506956
      0.4242424      -0.4682143
      0.4252199      -0.4854997
      0.4261975      -0.5025445
      0.4271750      -0.5193415
      0.4281525      -0.5358838
      0.4291300      -0.5521641
      0.4301075      -0.5681757
      0.4310850      -0.5839118
      0.4320626      -0.5993658
      0.4330401      -0.6145310
      0.4340176      -0.6294010
      0.4349951      -0.6439696
      0.4359726      -0.6582305
      0.4369501      -0.6721777
      0.4379277      -0.6858053
      0.4389052      -0.6991074
      0.4398827      -0.7120785
      0.4408602      -0.7247129
      0.4418377      -0.7370053
      0.4428152      -0.7489504
      0.4437928      -0.7605432
      0.4447703      -0.7717787
      0.4457478      -0.7826521
      0.4467253      -0.7931587
      0.4477028      -0.8032941
      0.4486804      -0.8130539
      0.4496579      -0.8224339
      0.4506354      -0.8314302
      0.4516129      -0.8400388
      0.4525904      -0.8482560
      0.4535679      -0.8560784
      0.4545455      -0.8635025
      0.4555230      -0.8705251
      0.4565005      -0.8771433
      0.4574780      -0.8833542
      0.4584555      -0.8891550
      0.4594330      -0.8945433
      0.4604106      -0.8995168
      0.4613881      -0.9040732
      0.4623656      -0.9082106
      0.4633431      -0.9119271
      0.4643206      -0.9152213
      0.4652981      -0.9180915
      0.4662757      -0.9205365
      0.4672532      -0.9225553
      0.4682307      -0.9241470
      0.4692082      -0.9253107
      0.4701857      -0.9260460
      0.4711632      -0.9263525
      0.4721408      -0.9262301
      0.4731183      -0.9256786
      0.4740958      -0.9246984
      0.4750733      -0.9232898
      0.4760508      -0.9214532
      0.4770283      -0.9191896
      0.4780059      -0.9164997
      0.4789834      -0.9133847
      0.4799609      -0.9098458
      0.4809384      -0.9058845
      0.4819159      -0.9015024
      0.4828935      -0.8967015
      0.4838710      -0.8914835
      0.4848485      -0.8858508
      0.4858260      -0.8798056
      0.4868035      -0.8733505
      0.4877810      -0.8664881
      0.4887586      -0.8592214
      0.4897361      -0.8515534
      0.4907136      -0.8434873
      0.4916911      -0.8350265
      0.4926686      -0.8261744
      0.4936461      -0.8169349
      0.4946237      -0.8073119
      0.4956012      -0.7973092
      0.4965787      -0.7869312
      0.4975562      -0.7761822
      0.4985337      -0.7650668
      0.4995112      -0.7535895
      0.5004888      -0.7417552
      0.5014663      -0.7295689
      0.5024438      -0.7170357
      0.5034213      -0.7041609
      0.5043988      -0.6909499
      0.5053763      -0.6774082
      0.5063539      -0.6635416
      0.5073314      -0.6493557
      0.5083089      -0.6348568
      0.5092864      -0.6200507
      0.5102639      -0.6049437
      0.5112414      -0.5895422
      0.5122190      -0.5738526
      0.5131965      -0.5578816
      0.5141740      -0.5416358
      0.5151515      -0.5251220
      0.5161290      -0.5083472
      0.5171065      -0.4913184
      0.5180841      -0.4740428
      0.5190616      -0.4565276
      0.5200391      -0.4387801
      0.5210166      -0.4208077
      0.5219941      -0.4026181
      0.5229717      -0.3842187
      0.5239492      -0.3656174
      0.5249267      -0.3468218
      0.5259042      -0.3278399
      0.5268817      -0.3086796
      0.5278592      -0.2893489
      0.5288368      -0.2698558
      0.5298143      -0.2502084
      0.5307918      -0.2304151
      0.5317693      -0.2104840
      0.5327468      -0.1904234
      0.5337243      -0.1702417
      0.5347019      -0.1499473
      0.5356794      -0.1295487
      0.5366569      -0.1090542
      0.5376344      -0.0884724
      0.5386119      -0.0678119
      0.5395894      -0.0470813
      0.5405670      -0.0262890
      0.5415445      -0.0054438
      0.5425220       0.0154457
      0.5434995       0.0363709
      0.5444770       0.0573232
      0.5454545       0.0782939
      0.5464321       0.0992743
      0.5474096       0.1202558
      0.5483871       0.1412298
      0.5493646       0.1621876
      0.5503421       0.1831206
      0.5513196       0.2040203
      0.5522972       0.2248779
      0.5532747       0.2456851
      0.5542522       0.2664332
      0.5552297       0.2871137
      0.5562072       0.3077184
      0.5571848       0.3282386
      0.5581623       0.3486661
      0.5591398       0.3689925
      0.5601173       0.3892096
      0.5610948       0.4093092
      0.5620723       0.4292830
      0.5630499       0.4491231
      0.5640274       0.4688214
      0.5650049       0.4883699
      0.5659824       0.5077607
      0.5669599       0.5269861
      0.5679374       0.5460383
      0.5689150       0.5649097
      0.5698925       0.5835926
      0.5708700       0.6020797
      0.5718475       0.6203635
      0.5728250       0.6384367
      0.5738025       0.6562922
      0.5747801       0.6739228
      0.5757576       0.6913217
      0.5767351       0.7084818
      0.5777126       0.7253964
      0.5786901       0.7420589
      0.5796676       0.7584626
      0.5806452       0.7746013
      0.5816227       0.7904685
      0.5826002       0.8060582
      0.5835777       0.8213641
      0.5845552       0.8363804
      0.5855327       0.8511013
      0.5865103       0.8655211
      0.5874878       0.8796343
      0.5884653       0.8934355
      0.5894428       0.9069194
      0.5904203       0.9200808
      0.5913978       0.9329148
      0.5923754       0.9454167
      0.5933529       0.9575815
      0.5943304       0.9694050
      0.5953079       0.9808825
      0.5962854       0.9920100
      0.5972630       1.0027833
      0.5982405       1.0131985
      0.5992180       1.0232517
      0.6001955       1.0329395
      0.6011730       1.0422583
      0.6021505       1.0512048
      0.6031281       1.0597758
      0.6041056       1.0679685
      0.6050831       1.0757799
      0.6060606       1.0832075
      0.6070381       1.0902487
      0.6080156       1.0969013
      0.6089932       1.1031630
      0.6099707       1.1090318
      0.6109482       1.1145060
      0.6119257       1.1195839
      0.6129032       1.1242639
      0.6138807       1.1285449
      0.6148583       1.1324255
      0.6158358       1.1359049
      0.6168133       1.1389822
      0.6177908       1.1416568
      0.6187683       1.1439281
      0.6197458       1.1457959
      0.6207234       1.1472601
      0.6217009       1.1483205
      0.6226784       1.1489776
      0.6236559       1.1492315
      0.6246334       1.1490828
      0.6256109       1.1485323
      0.6265885       1.1475807
      0.6275660       1.1462291
      0.6285435       1.1444786
      0.6295210       1.1423306
      0.6304985       1.1397867
      0.6314761       1.1368484
      0.6324536       1.1335176
      0.6334311       1.1297962
      0.6344086       1.1256865
      0.6353861       1.1211906
      0.6363636       1.1163111
      0.6373412       1.1110506
      0.6383187       1.1054117
      0.6392962       1.0993975
      0.6402737       1.0930109
      0.6412512       1.0862551
      0.6422287       1.0791335
      0.6432063       1.0716495
      0.6441838       1.0638069
      0.6451613       1.0556092
      0.6461388       1.0470605
      0.6471163       1.0381648
      0.6480938       1.0289262
      0.6490714       1.0193490
      0.6500489       1.0094377
      0.6510264       0.9991968
      0.6520039       0.9886309
      0.6529814       0.9777450
      0.6539589       0.9665438
      0.6549365       0.9550324
      0.6559140       0.9432160
      0.6568915       0.9310998
      0.6578690       0.9186891
      0.6588465       0.9059895
      0.6598240       0.8930066
      0.6608016       0.8797459
      0.6617791       0.8662133
      0.6627566       0.8524147
      0.6637341       0.8383559
      0.6647116       0.8240432
      0.6656891       0.8094825
      0.6666667       0.7946801
      0.6676442       0.7796424
      0.6686217       0.7643757
      0.6695992       0.7488865
      0.6705767       0.7331813
      0.6715543       0.7172667
      0.6725318       0.7011494
      0.6735093       0.6848361
      0.6744868       0.6683337
      0.6754643       0.6516488
      0.6764418       0.6347886
      0.6774194       0.6177599
      0.6783969       0.6005696
      0.6793744       0.5832250
      0.6803519       0.5657330
      0.6813294       0.5481009
      0.6823069       0.5303357
      0.6832845       0.5124446
      0.6842620       0.4944350
      0.6852395       0.4763140
      0.6862170       0.4580889
      0.6871945       0.4397670
      0.6881720       0.4213557
      0.6891496       0.4028622
      0.6901271       0.3842940
      0.6911046       0.3656583
      0.6920821       0.3469624
      0.6930596       0.3282139
      0.6940371       0.3094200
      0.6950147       0.2905880
      0.6959922       0.2717253
      0.6969697       0.2528393
      0.6979472       0.2339371
      0.6989247       0.2150263
      0.6999022       0.1961139
      0.7008798       0.1772073
      0.7018573       0.1583138
      0.7028348       0.1394404
      0.7038123       0.1205944
      0.7047898       0.1017830
      0.7057674       0.0830131
      0.7067449       0.0642920
      0.7077224       0.0456265
      0.7086999       0.0270237
      0.7096774       0.0084905
      0.7106549      -0.0099662
      0.7116325      -0.0283396
      0.7126100      -0.0466229
      0.7135875      -0.0648095
      0.7145650      -0.0828926
      0.7155425      -0.1008658
      0.7165200      -0.1187224
      0.7174976      -0.1364560
      0.7184751      -0.1540603
      0.7194526      -0.1715288
      0.7204301      -0.1888555
      0.7214076      -0.2060341
      0.7223851      -0.2230586
      0.7233627      -0.2399229
      0.7243402      -0.2566211
      0.7253177      -0.2731475
      0.7262952      -0.2894962
      0.7272727      -0.3056617
      0.7282502      -0.3216383
      0.7292278      -0.3374206
      0.7302053      -0.3530032
      0.7311828      -0.3683808
      0.7321603      -0.3835483
      0.7331378      -0.3985006
      0.7341153      -0.4132326
      0.7350929      -0.4277396
      0.7360704      -0.4420167
      0.7370479      -0.4560593
      0.7380254      -0.4698628
      0.7390029      -0.4834227
      0.7399804      -0.4967348
      0.7409580      -0.5097948
      0.7419355      -0.5225985
      0.7429130      -0.5351420
      0.7438905      -0.5474213
      0.7448680      -0.5594327
      0.7458456      -0.5711726
      0.7468231      -0.5826373
      0.7478006      -0.5938235
      0.7487781      -0.6047278
      0.7497556      -0.6153470
      0.7507331      -0.6256781
      0.7517107      -0.6357180
      0.7526882      -0.6454641
      0.7536657      -0.6549135
      0.7546432      -0.6640637
      0.7556207      -0.6729121
      0.7565982      -0.6814566
      0.7575758      -0.6896947
      0.7585533      -0.6976244
      0.7595308      -0.7052438
      0.7605083      -0.7125509
      0.7614858      -0.7195441
      0.7624633      -0.7262217
      0.7634409      -0.7325822
      0.7644184      -0.7386243
      0.7653959      -0.7443466
      0.7663734      -0.7497481
      0.7673509      -0.7548278
      0.7683284      -0.7595848
      0.7693060      -0.7640183
      0.7702835      -0.7681277
      0.7712610      -0.7719124
      0.7722385      -0.7753721
      0.7732160      -0.7785064
      0.7741935      -0.7813153
      0.7751711      -0.7837985
      0.7761486      -0.7859563
      0.7771261      -0.7877888
      0.7781036      -0.7892962
      0.7790811      -0.7904790
      0.7800587      -0.7913377
      0.7810362      -0.7918730
      0.7820137      -0.7920856
      0.7829912      -0.7919763
      0.7839687      -0.7915462
      0.7849462      -0.7907962
      0.7859238      -0.7897276
      0.7869013      -0.7883417
      0.7878788      -0.7866398
      0.7888563      -0.7846235
      0.7898338      -0.7822943
      0.7908113      -0.7796539
      0.7917889      -0.7767042
      0.7927664      -0.7734470
      0.7937439      -0.7698843
      0.7947214      -0.7660182
      0.7956989      -0.7618509
      0.7966764      -0.7573847
      0.7976540      -0.7526219
      0.7986315      -0.7475649
      0.7996090      -0.7422164
      0.8005865      -0.7365789
      0.8015640      -0.7306551
      0.8025415      -0.7244479
      0.8035191      -0.7179601
      0.8044966      -0.7111946
      0.8054741      -0.7041545
      0.8064516      -0.6968429
      0.8074291      -0.6892630
      0.8084066      -0.6814180
      0.8093842      -0.6733113
      0.8103617      -0.6649462
      0.8113392      -0.6563262
      0.8123167      -0.6474549
      0.8132942      -0.6383357
      0.8142717      -0.6289724
      0.8152493      -0.6193687
      0.8162268      -0.6095284
      0.8172043      -0.5994552
      0.8181818      -0.5891530
      0.8191593      -0.5786258
      0.8201369      -0.5678776
      0.8211144      -0.5569124
      0.8220919      -0.5457342
      0.8230694      -0.5343473
      0.8240469      -0.5227557
      0.8250244      -0.5109637
      0.8260020      -0.4989754
      0.8269795      -0.4867953
      0.8279570      -0.4744276
      0.8289345      -0.4618767
      0.8299120      -0.4491470
      0.8308895      -0.4362428
      0.8318671      -0.4231687
      0.8328446      -0.4099291
      0.8338221      -0.3965286
      0.8347996      -0.3829715
      0.8357771      -0.3692625
      0.8367546      -0.3554062
      0.8377322      -0.3414071
      0.8387097      -0.3272698
      0.8396872      -0.3129990
      0.8406647      -0.2985992
      0.8416422      -0.2840752
      0.8426197      -0.2694315
      0.8435973      -0.2546728
      0.8445748      -0.2398037
      0.8455523      -0.2248290
      0.8465298      -0.2097534
      0.8475073      -0.1945814
      0.8484848      -0.1793177
      0.8494624      -0.1639671
      0.8504399      -0.1485341
      0.8514174      -0.1330235
      0.8523949      -0.1174399
      0.8533724      -0.1017879
      0.8543500      -0.0860723
      0.8553275      -0.0702975
      0.8563050      -0.0544683
      0.8572825      -0.0385892
      0.8582600      -0.0226648
      0.8592375      -0.0066997
      0.8602151       0.0093015
      0.8611926       0.0253343
      0.8621701       0.0413943
      0.8631476       0.0574768
      0.8641251       0.0735775
      0.8651026       0.0896918
      0.8660802       0.1058154
      0.8670577       0.1219438
      0.8680352       0.1380727
      0.8690127       0.1541977
      0.8699902       0.1703145
      0.8709677       0.1864188
      0.8719453       0.2025064
      0.8729228       0.2185730
      0.8739003       0.2346145
      0.8748778       0.2506266
      0.8758553       0.2666052
      0.8768328       0.2825464
      0.8778104       0.2984459
      0.8787879       0.3142998
      0.8797654       0.3301041
      0.8807429       0.3458549
      0.8817204       0.3615482
      0.8826979       0.3771802
      0.8836755       0.3927471
      0.8846530       0.4082450
      0.8856305       0.4236703
      0.8866080       0.4390192
      0.8875855       0.4542881
      0.8885630       0.4694733
      0.8895406       0.4845714
      0.8905181       0.4995787
      0.8914956       0.5144917
      0.8924731       0.5293071
      0.8934506       0.5440215
      0.8944282       0.5586314
      0.8954057       0.5731337
      0.8963832       0.5875249
      0.8973607       0.6018020
      0.8983382       0.6159618
      0.8993157       0.6300011
      0.9002933       0.6439169
      0.9012708       0.6577061
      0.9022483       0.6713659
      0.9032258       0.6848931
      0.9042033       0.6982851
      0.9051808       0.7115389
      0.9061584       0.7246518
      0.9071359       0.7376210
      0.9081134       0.7504439
      0.9090909       0.7631178
      0.9100684       0.7756401
      0.9110459       0.7880083
      0.9120235       0.8002199
      0.9130010       0.8122724
      0.9139785       0.8241635
      0.9149560       0.8358908
      0.9159335       0.8474520
      0.9169110       0.8588449
      0.9178886       0.8700672
      0.9188661       0.8811168
      0.9198436       0.8919916
      0.9208211       0.9026896
      0.9217986       0.9132086
      0.9227761       0.9235468
      0.9237537       0.9337023
      0.9247312       0.9436731
      0.9257087       0.9534575
      0.9266862       0.9630537
      0.9276637       0.9724598
      0.9286413       0.9816744
      0.9296188       0.9906956
      0.9305963       0.9995220
      0.9315738       1.0081519
      0.9325513       1.0165840
      0.9335288       1.0248166
      0.9345064       1.0328485
      0.9354839       1.0406781
      0.9364614       1.0483043
      0.9374389       1.0557258
      0.9384164       1.0629412
      0.9393939       1.0699495
      0.9403715       1.0767494
      0.9413490       1.0833398
      0.9423265       1.0897198
      0.9433040       1.0958882
      0.9442815       1.1018442
      0.9452590       1.1075867
      0.9462366       1.1131148
      0.9472141       1.1184278
      0.9481916       1.1235248
      0.9491691       1.1284050
      0.9501466       1.1330677
      0.9511241       1.1375123
      0.9521017       1.1417379
      0.9530792       1.1457442
      0.9540567       1.1495304
      0.9550342       1.1530961
      0.9560117       1.1564408
      0.9569892       1.1595640
      0.9579668       1.1624653
      0.9589443       1.1651443
      0.9599218       1.1676007
      0.9608993       1.1698342
      0.9618768       1.1718445
      0.9628543       1.1736315
      0.9638319       1.1751949
      0.9648094       1.1765345
      0.9657869       1.1776504
      0.9667644       1.1785423
      0.9677419       1.1792104
      0.9687195       1.1796545
      0.9696970       1.1798747
      0.9706745       1.1798711
      0.9716520       1.1796438
      0.9726295       1.1791930
      0.9736070       1.1785188
      0.9745846       1.1776214
      0.9755621       1.1765012
      0.9765396       1.1751584
      0.9775171       1.1735933
      0.9784946       1.1718063
      0.9794721       1.1697979
      0.9804497       1.1675684
      0.9814272       1.1651183
      0.9824047       1.1624481
      0.9833822       1.1595584
      0.9843597       1.1564498
      0.9853372       1.1531229
      0.9863148       1.1495783
      0.9872923       1.1458167
      0.9882698       1.1418388
      0.9892473       1.1376455
      0.9902248       1.1332375
      0.9912023       1.1286156
      0.9921799       1.1237807
      0.9931574       1.1187337
      0.9941349       1.1134756
      0.9951124       1.1080074
      0.9960899       1.1023300
      0.9970674       1.0964445
      0.9980450       1.0903520
      0.9990225       1.0840536
      1.0000000       1.0775505
      1.0009775       1.0708438
