              1      0.0000845
              2      0.0065386
              3      0.0130772
              4      0.0196176
              5      0.0261606
              6      0.0327068
              7      0.0392571
              8      0.0458123
              9      0.0523733
             10      0.0589409
             11      0.0655159
             12      0.0720991
             13      0.0786913
             14      0.0852935
             15      0.0919065
             16      0.0985311
             17      0.1051681
             18      0.1118185
             19      0.1184831
             20      0.1251627
             21      0.1318584
             22      0.1385708
             23      0.1453011
             24      0.1520499
             25      0.1588184
             26      0.1656073
             27      0.1724177
             28      0.1792504
             29      0.1861064
             30      0.1929867
             31      0.1998923
             32      0.2068242
             33      0.2137833
             34      0.2207707
             35      0.2277873
             36      0.2348344
             37      0.2419128
             38      0.2490237
             39      0.2561682
             40      0.2633474
             41      0.2705623
             42      0.2778142
             43      0.2851043
             44      0.2924336
             45      0.2998035
             46      0.3072150
             47      0.3146696
             48      0.3221684
             49      0.3297128
             50      0.3373040
             51      0.3449435
             52      0.3526326
             53      0.3603726
             54      0.3681651
             55      0.3760115
             56      0.3839133
             57      0.3918720
             58      0.3998891
             59      0.4079664
             60      0.4161053
             61      0.4243077
             62      0.4325751
             63      0.4409093
             64      0.4493122
             65      0.4577856
             66      0.4663313
             67      0.4749512
             68      0.4836475
             69      0.4924220
             70      0.5012769
             71      0.5102144
             72      0.5192365
             73      0.5283457
             74      0.5375441
             75      0.5468342
             76      0.5562185
             77      0.5656994
             78      0.5752796
             79      0.5849617
             80      0.5947485
             81      0.6046429
             82      0.6146477
             83      0.6247660
             84      0.6350008
             85      0.6453555
             86      0.6558332
             87      0.6664375
             88      0.6771718
             89      0.6880398
             90      0.6990453
             91      0.7101921
             92      0.7214843
             93      0.7329261
             94      0.7445217
             95      0.7562757
             96      0.7681926
             97      0.7802773
             98      0.7925348
             99      0.8049702
            100      0.8175888
            101      0.8303962
            102      0.8433983
            103      0.8566009
            104      0.8700103
            105      0.8836330
            106      0.8974758
            107      0.9115457
            108      0.9258499
            109      0.9403961
            110      0.9551923
            111      0.9702466
            112      0.9855679
            113      1.0011650
            114      1.0170474
            115      1.0332249
            116      1.0497079
            117      1.0665071
            118      1.0836339
            119      1.1010999
            120      1.1189176
            121      1.1371001
            122      1.1556608
            123      1.1746142
            124      1.1939753
            125      1.2137599
            126      1.2339846
            127      1.2546671
            128      1.2758256
            129      1.2974798
            130      1.3196501
            131      1.3423583
            132      1.3656273
            133      1.3894814
            134      1.4139463
            135      1.4390493
            136      1.4648191
            137      1.4912866
            138      1.5184842
            139      1.5464466
            140      1.5752108
            141      1.6048160
            142      1.6353043
            143      1.6667204
            144      1.6991124
            145      1.7325315
            146      1.7670328
            147      1.8026753
            148      1.8395226
            149      1.8776428
            150      1.9171097
            151      1.9580027
            152      2.0004076
            153      2.0444174
            154      2.0901331
            155      2.1376639
            156      2.1871293
            157      2.2386590
            158      2.2923949
            159      2.3484925
            160      2.4071220
            161      2.4684707
            162      2.5327450
            163      2.6001727
            164      2.6710061
            165      2.7455255
            166      2.8240428
            167      2.9069064
            168      2.9945067
            169      3.0872822
            170      3.1857281
            171      3.2904046
            172      3.4019489
            173      3.5210885
            174      3.6486577
            175      3.7856180
            176      3.9330838
            177      4.0923534
            178      4.2649488
            179      4.4526664
            180      4.6576412
            181      4.8824313
            182      5.1301275
            183      5.4044998
            184      5.7101953
            185      6.0530084
            186      6.4402588
            187      6.8813283
            188      7.3884427
            189      7.9778373
            190      8.6715476
            191      9.5002542
            192     10.5079832
            193     11.7602480
            194     13.3589809
            195     15.4719238
            196     18.3959615
            197     22.7110283
            198     29.7229939
            199     43.1168917
            200     78.9073416
            201    480.7590411
            202    116.3939927
            203     51.6878000
            204     33.1215675
            205     24.3119594
            206     19.1667433
            207     15.7919744
            208     13.4070571
            209     11.6314702
            210     10.2575679
            211      9.1624182
            212      8.2686004
            213      7.5249273
            214      6.8962018
            215      6.3574250
            216      5.8903520
            217      5.4813554
            218      5.1200507
            219      4.7983864
            220      4.5100232
            221      4.2499018
            222      4.0139352
            223      3.7987860
            224      3.6017018
            225      3.4203921
            226      3.2529359
            227      3.0977092
            228      2.9533304
            229      2.8186161
            230      2.6925470
            231      2.5742402
            232      2.4629273
            233      2.3579361
            234      2.2586761
            235      2.1646263
            236      2.0753253
            237      1.9903629
            238      1.9093732
            239      1.8320288
            240      1.7580355
            241      1.6871285
            242      1.6190687
            243      1.5536393
            244      1.4906436
            245      1.4299026
            246      1.3712529
            247      1.3145449
            248      1.2596416
            249      1.2064170
            250      1.1547552
            251      1.1045491
            252      1.0556999
            253      1.0081159
            254      0.9617120
            255      0.9164091
            256      0.8721333
            257      0.8288160
            258      0.7863926
            259      0.7448030
            260      0.7039904
            261      0.6639015
            262      0.6244863
            263      0.5856974
            264      0.5474899
            265      0.5098215
            266      0.4726519
            267      0.4359428
            268      0.3996577
            269      0.3637619
            270      0.3282220
            271      0.2930062
            272      0.2580839
            273      0.2234256
            274      0.1890029
            275      0.1547885
            276      0.1207558
            277      0.0868791
            278      0.0531334
            279      0.0194946
            280      0.0140623
            281      0.0475584
            282      0.0810178
            283      0.1144626
            284      0.1479148
            285      0.1813961
            286      0.2149279
            287      0.2485316
            288      0.2822280
            289      0.3160384
            290      0.3499835
            291      0.3840842
            292      0.4183614
            293      0.4528362
            294      0.4875296
            295      0.5224628
            296      0.5576571
            297      0.5931343
            298      0.6289163
            299      0.6650252
            300      0.7014836
            301      0.7383146
            302      0.7755414
            303      0.8131881
            304      0.8512790
            305      0.8898393
            306      0.9288946
            307      0.9684713
            308      1.0085965
            309      1.0492982
            310      1.0906051
            311      1.1325472
            312      1.1751550
            313      1.2184605
            314      1.2624967
            315      1.3072977
            316      1.3528992
            317      1.3993381
            318      1.4466529
            319      1.4948836
            320      1.5440721
            321      1.5942620
            322      1.6454989
            323      1.6978305
            324      1.7513069
            325      1.8059802
            326      1.8619056
            327      1.9191407
            328      1.9777460
            329      2.0377855
            330      2.0993264
            331      2.1624393
            332      2.2271992
            333      2.2936850
            334      2.3619801
            335      2.4321728
            336      2.5043568
            337      2.5786314
            338      2.6551018
            339      2.7338801
            340      2.8150854
            341      2.8988446
            342      2.9852931
            343      3.0745751
            344      3.1668453
            345      3.2622687
            346      3.3610224
            347      3.4632963
            348      3.5692945
            349      3.6792364
            350      3.7933586
            351      3.9119163
            352      4.0351850
            353      4.1634633
            354      4.2970746
            355      4.4363703
            356      4.5817323
            357      4.7335774
            358      4.8923601
            359      5.0585783
            360      5.2327774
            361      5.4155571
            362      5.6075777
            363      5.8095684
            364      6.0223361
            365      6.2467767
            366      6.4838868
            367      6.7347791
            368      7.0006996
            369      7.2830480
            370      7.5834023
            371      7.9035480
            372      8.2455139
            373      8.6116142
            374      9.0045012
            375      9.4272291
            376      9.8833332
            377     10.3769285
            378     10.9128337
            379     11.4967282
            380     12.1353535
            381     12.8367734
            382     13.6107152
            383     14.4690217
            384     15.4262596
            385     16.5005505
            386     17.7147256
            387     19.0979619
            388     20.6881521
            389     22.5354208
            390     24.7074946
            391     27.2981708
            392     30.4411991
            393     34.3340876
            394     39.2812354
            395     45.7775586
            396     54.6851885
            397     67.6516162
            398     88.2676914
            399    126.1314975
            400    218.4412963
            401    782.9230899
            402    506.4612127
            403    193.1181274
            404    119.9816793
            405     87.3779488
            406     68.9241277
            407     57.0520924
            408     48.7742273
            409     42.6734901
            410     37.9912406
            411     34.2846432
            412     31.2778291
            413     28.7899833
            414     26.6976514
            415     24.9136658
            416     23.3747256
            417     22.0337519
            418     20.8550041
            419     19.8108608
            420     18.8796376
            421     18.0440738
            422     17.2902592
            423     16.6068584
            424     15.9845418
            425     15.4155607
            426     14.8934258
            427     14.4126620
            428     13.9686170
            429     13.5573130
            430     13.1753283
            431     12.8197039
            432     12.4878673
            433     12.1775721
            434     11.8868474
            435     11.6139569
            436     11.3573656
            437     11.1157106
            438     10.8877784
            439     10.6724847
            440     10.4688576
            441     10.2760237
            442     10.0931955
            443      9.9196618
            444      9.7547780
            445      9.5979589
            446      9.4486721
            447      9.3064319
            448      9.1707946
            449      9.0413538
            450      8.9177369
            451      8.7996015
            452      8.6866324
            453      8.5785389
            454      8.4750530
            455      8.3759265
            456      8.2809297
            457      8.1898497
            458      8.1024889
            459      8.0186634
            460      7.9382022
            461      7.8609461
            462      7.7867465
            463      7.7154647
            464      7.6469710
            465      7.5811442
            466      7.5178709
            467      7.4570447
            468      7.3985659
            469      7.3423409
            470      7.2882819
            471      7.2363064
            472      7.1863366
            473      7.1382998
            474      7.0921270
            475      7.0477536
            476      7.0051187
            477      6.9641648
            478      6.9248378
            479      6.8870866
            480      6.8508632
            481      6.8161219
            482      6.7828202
            483      6.7509174
            484      6.7203756
            485      6.6911587
            486      6.6632329
            487      6.6365662
            488      6.6111285
            489      6.5868916
            490      6.5638286
            491      6.5419145
            492      6.5211258
            493      6.5014404
            494      6.4828374
            495      6.4652975
            496      6.4488027
            497      6.4333359
            498      6.4188815
            499      6.4054250
            500      6.3929528
            501      6.3814526
            502      6.3709130
            503      6.3613238
            504      6.3526754
            505      6.3449596
            506      6.3381688
            507      6.3322966
            508      6.3273372
            509      6.3232860
            510      6.3201391
            511      6.3178934
            512      6.3165468
            513      6.3160981
