 0.0009775  0.0000000
 0.0019550  2.2070212
 0.0029326 -1.3271389
 0.0039101  1.2533965
 0.0048876 -1.7629022
 0.0058651 -0.6983634
 0.0068426  2.5320634
 0.0078201 -1.2580952
 0.0087977  1.0495637
 0.0097752 -1.2371713
 0.0107527 -1.3497107
 0.0117302  2.7088918
 0.0127077 -1.0456399
 0.0136852  0.7392630
 0.0146628 -0.6726058
 0.0156403 -1.9105876
 0.0166178  2.7190745
 0.0175953 -0.7013886
 0.0185728  0.3550221
 0.0195503 -0.1138814
 0.0205279 -2.3443833
 0.0215054  2.5564338
 0.0224829 -0.2483812
 0.0234604 -0.0644631
 0.0244379  0.3959683
 0.0254154 -2.6240774
 0.0263930  2.2276438
 0.0273705  0.2806601
 0.0283480 -0.4775607
 0.0293255  0.8189384
 0.0303030 -2.7342353
 0.0312805  1.7518244
 0.0322581  0.8458618
 0.0332356 -0.8431708
 0.0342131  1.1250185
 0.0351906 -2.6720976
 0.0361681  1.1591641
 0.0371457  1.4033195
 0.0381232 -1.1241505
 0.0391007  1.2945016
 0.0400782 -2.4476800
 0.0410557  0.4886764
 0.0420332  1.9085606
 0.0430108 -1.2904218
 0.0439883  1.3194561
 0.0449658 -2.0828776
 0.0459433 -0.2147346
 0.0469208  2.3200768
 0.0478983 -1.3215112
 0.0488759  1.2042448
 0.0498534 -1.6096471
 0.0508309 -0.9036704
 0.0518084  2.6026433
 0.0527859 -1.2083192
 0.0537634  0.9650526
 0.0547410 -1.0674129
 0.0557185 -1.5318294
 0.0566960  2.7301644
 0.0576735 -0.9539734
 0.0586510  0.6284631
 0.0596285 -0.4999025
 0.0606061 -2.0575124
 0.0615836  2.6878156
 0.0625611 -0.5736972
 0.0635386  0.2291984
 0.0645161  0.0483349
 0.0654936 -2.4467677
 0.0664712  2.4733132
 0.0674487 -0.0937012
 0.0684262 -0.1927938
 0.0694037  0.5354518
 0.0703812 -2.6759286
 0.0713587  2.0972080
 0.0723363  0.4508166
 0.0733138 -0.5956729
 0.0742913  0.9255887
 0.0752688 -2.7333476
 0.0762463  1.5821768
 0.0772239  1.0184046
 0.0782014 -0.9391900
 0.0791789  1.1916619
 0.0801564 -2.6201888
 0.0811339  0.9613673
 0.0821114  1.5646103
 0.0830890 -1.1880450
 0.0840665  1.3174345
 0.0850440 -2.3502228
 0.0860215  0.2759225
 0.0869990  2.0454937
 0.0879765 -1.3148458
 0.0889541  1.2987073
 0.0899316 -1.9486384
 0.0909091 -0.4281207
 0.0918866  2.4211244
 0.0928641 -1.3024335
 0.0938416  1.1435362
 0.0948192 -1.4499704
 0.0957967 -1.1033156
 0.0967742  2.6587830
 0.0977517 -1.1453838
 0.0987292  0.8714629
 0.0997067 -0.8953075
 0.1006843 -1.7044018
 0.1016618  2.7356146
 0.1026393 -0.8505653
 0.1036168  0.5118212
 0.1045943 -0.3290033
 0.1055718 -2.1917284
 0.1065494  2.6405208
 0.1075269 -0.4367060
 0.1085044  0.1012562
 0.1094819  0.2048477
 0.1104594 -2.5342389
 0.1114370  2.3751389
 0.1124145  0.0669992
 0.1133920 -0.3193430
 0.1143695  0.6658909
 0.1153470 -2.7117823
 0.1163245  1.9538306
 0.1173021  0.6231311
 0.1182796 -0.7082519
 0.1192571  1.0206713
 0.1202346 -2.7165715
 0.1212121  1.4026754
 0.1221896  1.1889633
 0.1231672 -1.0263855
 0.1241447  1.2452253
 0.1251222 -2.5536755
 0.1260997  0.7575493
 0.1270772  1.7198225
 0.1280547 -1.2405621
 0.1290323  1.3268970
 0.1300098 -2.2405088
 0.1309873  0.0614359
 0.1319648  2.1726272
 0.1329423 -1.3262927
 0.1339198  1.2652396
 0.1348974 -1.8053609
 0.1358749 -0.6388194
 0.1368524  2.5093230
 0.1378299 -1.2698722
 0.1388074  1.0719306
 0.1397849 -1.2850843
 0.1407625 -1.2960571
 0.1417400  2.6999435
 0.1427175 -1.0696041
 0.1436950  0.7697107
 0.1446725 -0.7221258
 0.1456500 -1.8663769
 0.1466276  2.7250508
 0.1476051 -0.7360574
 0.1485826  0.3904326
 0.1495601 -0.1611366
 0.1505376 -2.3124542
 0.1515152  2.5773637
 0.1524927 -0.2913349
 0.1534702 -0.0276212
 0.1544477  0.3545681
 0.1554252 -2.6063432
 0.1564027  2.2624396
 0.1573803  0.2325930
 0.1583578 -0.4429383
 0.1593353  0.7864205
 0.1603128 -2.7315442
 0.1612903  1.7983573
 0.1622678  0.7963579
 0.1632454 -0.8142338
 0.1642229  1.1036121
 0.1652004 -2.6841769
 0.1661779  1.2144199
 0.1671554  1.3562715
 0.1681329 -1.1038909
 0.1691105  1.2854683
 0.1700880 -2.4731670
 0.1710655  0.5489815
 0.1720430  1.8677697
 0.1730205 -1.2811062
 0.1739980  1.3229983
 0.1749756 -2.1194362
 0.1759531 -0.1534365
 0.1769306  2.2889493
 0.1779081 -1.3244884
 0.1788856  1.2194998
 0.1798631 -1.6541591
 0.1808407 -0.8455106
 0.1818182  2.5839175
 0.1827957 -1.2239008
 0.1837732  0.9901731
 0.1847507 -1.1162294
 0.1857283 -1.4807017
 0.1867058  2.7256879
 0.1876833 -0.9813983
 0.1886608  0.6607758
 0.1896383 -0.5491359
 0.1906158 -2.0167781
 0.1915934  2.6983917
 0.1925709 -0.6111824
 0.1935484  0.2654298
 0.1945259  0.0025023
 0.1955034 -2.4190031
 0.1964809  2.4986283
 0.1974585 -0.1385754
 0.1984360 -0.1562436
 0.1994135  0.4964671
 0.2003910 -2.6627341
 0.2013685  2.1358457
 0.2023460  0.4019071
 0.2033236 -0.5624303
 0.2043011  0.8962584
 0.2052786 -2.7352320
 0.2062561  1.6317188
 0.2072336  0.9692342
 0.2082111 -0.9126060
 0.2091887  1.1739353
 0.2101662 -2.6365406
 0.2111437  1.0185721
 0.2121212  1.5190766
 0.2130987 -1.1709151
 0.2140762  1.3122567
 0.2150538 -2.3793670
 0.2160313  0.3369687
 0.2170088  2.0073089
 0.2179863 -1.3091747
 0.2189638  1.3059531
 0.2199413 -1.9879774
 0.2209189 -0.3673453
 0.2218964  2.3935185
 0.2228739 -1.3092631
 0.2238514  1.1620310
 0.2248289 -1.4961956
 0.2258065 -1.0469029
 0.2267840  2.6442439
 0.2277615 -1.1646991
 0.2287390  0.8990878
 0.2297165 -0.9446653
 0.2306940 -1.6561130
 0.2316716  2.7356850
 0.2326491 -0.8812848
 0.2336266  0.5456937
 0.2346041 -0.3775946
 0.2355816 -2.1547104
 0.2365591  2.6556675
 0.2375367 -0.4767587
 0.2385142  0.1379729
 0.2394917  0.1607589
 0.2404692 -2.5107878
 0.2414467  2.4047073
 0.2424242  0.0205170
 0.2434018 -0.2834224
 0.2443793  0.6295830
 0.2453568 -2.7031747
 0.2463343  1.9960849
 0.2473118  0.5737310
 0.2482893 -0.6767015
 0.2492669  0.9947101
 0.2502444 -2.7229745
 0.2512219  1.4549245
 0.2521994  1.1404896
 0.2531769 -1.0024152
 0.2541544  1.2312664
 0.2551320 -2.5741437
 0.2561095  0.8163471
 0.2570870  1.6761491
 0.2580645 -1.2267490
 0.2590420  1.3255628
 0.2600196 -2.2730681
 0.2609971  0.1228403
 0.2619746  2.1373495
 0.2629521 -1.3243633
 0.2639296  1.2760795
 0.2649071 -1.8471719
 0.2658847 -0.5789478
 0.2668622  2.4854706
 0.2678397 -1.2805530
 0.2688172  1.0934677
 0.2697947 -1.3326729
 0.2707722 -1.2417417
 0.2717498  2.6897350
 0.2727273 -1.0925524
 0.2737048  0.7995713
 0.2746823 -0.7716615
 0.2756598 -1.8212201
 0.2766373  2.7297115
 0.2776149 -0.7698786
 0.2785924  0.4255478
 0.2795699 -0.2087374
 0.2805474 -2.2793663
 0.2815249  2.5970201
 0.2825024 -0.3336846
 0.2834800  0.0092415
 0.2844575  0.3125285
 0.2854350 -2.5873245
 0.2864125  2.2960997
 0.2873900  0.1848300
 0.2883675 -0.4079805
 0.2893451  0.7530285
 0.2903226 -2.7275392
 0.2913001  1.8439775
 0.2922776  0.7468254
 0.2932551 -0.7846748
 0.2942326  1.0811743
 0.2952102 -2.6950102
 0.2961877  1.2690552
 0.2971652  1.3088556
 0.2981427 -1.0827744
 0.2991202  1.2753352
 0.3000978 -2.4975676
 0.3010753  0.6090050
 0.3020528  1.8262915
 0.3030303 -1.2707707
 0.3040078  1.3254658
 0.3049853 -2.1551459
 0.3059629 -0.0920596
 0.3069404  2.2568611
 0.3079179 -1.3263685
 0.3088954  1.2337961
 0.3098729 -1.6981184
 0.3108504 -0.7869177
 0.3118280  2.5640254
 0.3128055 -1.2384009
 0.3137830  1.0145311
 0.3147605 -1.1648245
 0.3157380 -1.4288192
 0.3167155  2.7199242
 0.3176931 -1.0078497
 0.3186706  0.6925859
 0.3196481 -0.5984878
 0.3206256 -1.9750245
 0.3216031  2.7076547
 0.3225806 -0.6478869
 0.3235582  0.3014606
 0.3245357 -0.0437703
 0.3255132 -2.3900317
 0.3264907  2.5227020
 0.3274682 -0.1829318
 0.3284457 -0.1195754
 0.3294233  0.4567643
 0.3304008 -2.6482357
 0.3313783  2.1734071
 0.3323558  0.3532029
 0.3333333 -0.5287610
 0.3343109  0.8659972
 0.3352884 -2.7358131
 0.3362659  1.6804306
 0.3372434  0.9199314
 0.3382209 -0.8853221
 0.3391984  1.1551467
 0.3401760 -2.6516858
 0.3411535  1.0752556
 0.3421310  1.4730745
 0.3431085 -1.1528705
 0.3440860  1.3059767
 0.3450635 -2.4074895
 0.3460411  0.3978421
 0.3470186  1.9683477
 0.3479961 -1.3024508
 0.3489736  1.3121502
 0.3499511 -2.0265525
 0.3509286 -0.3063813
 0.3519062  2.3648813
 0.3528837 -1.3149905
 0.3538612  1.1796189
 0.3548387 -1.5419664
 0.3558162 -0.9899544
 0.3567937  2.6284922
 0.3577713 -1.1829562
 0.3587488  0.9260234
 0.3597263 -0.9939054
 0.3607038 -1.6069819
 0.3616813  2.7344499
 0.3626588 -0.9110812
 0.3636364  0.5791523
 0.3646139 -0.4264052
 0.3655914 -2.1166071
 0.3665689  2.6695127
 0.3675464 -0.5161042
 0.3685239  0.1745854
 0.3695015  0.1161397
 0.3704790 -2.4860904
 0.3714565  2.4330752
 0.3724340 -0.0255383
 0.3734115 -0.2472876
 0.3743891  0.5924846
 0.3753666 -2.6932531
 0.3763441  2.0373299
 0.3773216  0.5244349
 0.3782991 -0.6446363
 0.3792766  0.9677690
 0.3802542 -2.7280936
 0.3812317  1.5064318
 0.3822092  1.0917798
 0.3831867 -0.9776724
 0.3841642  1.2162234
 0.3851417 -2.5934528
 0.3861193  0.8747265
 0.3870968  1.6319092
 0.3880743 -1.2119703
 0.3890518  1.3231330
 0.3900293 -2.3046772
 0.3910068  0.1841816
 0.3919844  2.1012112
 0.3929619 -1.3213562
 0.3939394  1.2859049
 0.3949169 -1.8883088
 0.3958944 -0.5187793
 0.3968719  2.4605232
 0.3978495 -1.2901350
 0.3988270  1.1141568
 0.3998045 -1.3799080
 0.4007820 -1.1867919
 0.4017595  2.6782757
 0.4027370 -1.1144743
 0.4037146  0.8288213
 0.4046921 -0.8211834
 0.4056696 -1.7751395
 0.4066471  2.7330576
 0.4076246 -0.8028345
 0.4086022  0.4603407
 0.4095797 -0.2566564
 0.4105572 -2.2451348
 0.4115347  2.6153957
 0.4125122 -0.3754065
 0.4134897  0.0460972
 0.4144673  0.2698730
 0.4154448 -2.5670286
 0.4164223  2.3286084
 0.4173998  0.1373991
 0.4183773 -0.3727139
 0.4193548  0.7187801
 0.4203324 -2.7222189
 0.4213099  1.8886626
 0.4222874  0.6972939
 0.4232649 -0.7545169
 0.4242424  1.0577153
 0.4252199 -2.7045880
 0.4261975  1.3230421
 0.4271750  1.2611007
 0.4281525 -1.0608190
 0.4291300  1.2641044
 0.4301075 -2.5208645
 0.4310850  0.6687161
 0.4320626  1.7841524
 0.4330401 -1.2594264
 0.4340176  1.3268527
 0.4349951 -2.1899834
 0.4359726 -0.0306354
 0.4369501  2.2238336
 0.4379277 -1.3271545
 0.4389052  1.2471201
 0.4398827 -1.7414975
 0.4408602 -0.7279216
 0.4418377  2.5429818
 0.4428152 -1.2518143
 0.4437928  1.0381067
 0.4447703 -1.2131687
 0.4457478 -1.3762080
 0.4467253  2.7128802
 0.4477028 -1.0333148
 0.4486804  0.7238690
 0.4496579 -0.6479290
 0.4506354 -1.9322719
 0.4516129  2.7156029
 0.4525904 -0.6837910
 0.4535679  0.3372635
 0.4545455 -0.0904564
 0.4555230 -2.3598664
 0.4565005  2.5455245
 0.4574780 -0.2267453
 0.4584555 -0.0828169
 0.4594330  0.4163654
 0.4604106 -2.6324382
 0.4613881  2.2098744
 0.4623656  0.3047325
 0.4633431 -0.4946907
 0.4643206  0.8348208
 0.4652981 -2.7350869
 0.4662757  1.7282881
 0.4672532  0.8705258
 0.4682307 -0.8573599
 0.4692082  1.1353038
 0.4701857 -2.6656124
 0.4711632  1.1313890
 0.4721408  1.4266322
 0.4731183 -1.1339270
 0.4740958  1.2985944
 0.4750733 -2.4345712
 0.4760508  0.4585112
 0.4770283  1.9286352
 0.4780059 -1.2946825
 0.4789834  1.3172904
 0.4799609 -2.0643387
 0.4809384 -0.2452601
 0.4819159  2.3352323
 0.4828935 -1.3196160
 0.4838710  1.1962843
 0.4848485 -1.5872545
 0.4858260 -0.9324992
 0.4868035  2.6115403
 0.4877810 -1.2001475
 0.4887586  0.9522484
 0.4897361 -1.0429983
 0.4907136 -1.5570330
 0.4916911  2.7319136
 0.4926686 -0.9399392
 0.4936461  0.6121712
 0.4946237 -0.4754068
 0.4956012 -2.0774367
 0.4965787  2.6820521
 0.4975562 -0.5547209
 0.4985337  0.2110661
 0.4995112  0.0710156
 0.5004888 -2.4601570
 0.5014663  2.4602301
 0.5024438 -0.0711404
 0.5034213 -0.2109659
 0.5043988  0.5546157
 0.5053763 -2.6820194
 0.5063539  2.0775459
 0.5073314  0.4752718
 0.5083089 -0.6120810
 0.5092864  0.9398611
 0.5102639 -2.7319224
 0.5112414  1.5571715
 0.5122190  1.0428635
 0.5131965 -0.9521772
 0.5141740  1.2001017
 0.5151515 -2.6115886
 0.5161290  0.9326579
 0.5171065  1.5871306
 0.5180841 -1.1962398
 0.5190616  1.3196048
 0.5200391 -2.3353152
 0.5210166  0.2454284
 0.5219941  2.0642359
 0.5229717 -1.3172777
 0.5239492  1.2947053
 0.5249267 -1.9287454
 0.5259042 -0.4583447
 0.5268817  2.4344981
 0.5278592 -1.2986162
 0.5288368  1.1339803
 0.5298143 -1.4267605
 0.5307918 -1.1312354
 0.5317693  2.6655758
 0.5327468 -1.1353598
 0.5337243  0.8574378
 0.5347019 -0.8706618
 0.5356794 -1.7281576
 0.5366569  2.7350907
 0.5376344 -0.8349078
 0.5386119  0.4947849
 0.5395894 -0.3048654
 0.5405670 -2.2097756
 0.5415445  2.6324834
 0.5425220 -0.4164774
 0.5434995  0.0829181
 0.5444770  0.2266256
 0.5454545 -2.5454634
 0.5464321  2.3599509
 0.5474096  0.0903275
 0.5483871 -0.3371654
 0.5493646  0.6836934
 0.5503421 -2.7155828
 0.5513196  1.9323908
 0.5522972  0.6477929
 0.5532747 -0.7237837
 0.5542522  1.0332461
 0.5552297 -2.7129013
 0.5562072  1.3763537
 0.5571848  1.2130361
 0.5581623 -1.0380429
 0.5591398  1.2517789
 0.5601173 -2.5430412
 0.5610948  0.7280844
 0.5620723  1.7413790
 0.5630499 -1.2470848
 0.5640274  1.3271539
 0.5650049 -2.2239257
 0.5659824  0.0308044
 0.5669599  2.1898888
 0.5679374 -1.3268504
 0.5689150  1.2594590
 0.5698925 -1.7842692
 0.5708700 -0.6685523
 0.5718475  2.5208020
 0.5728250 -1.2641368
 0.5738025  1.0608805
 0.5747801 -1.2612324
 0.5757576 -1.3228946
 0.5767351  2.7045634
 0.5777126 -1.0577813
 0.5786901  0.7546006
 0.5796676 -0.6974301
 0.5806452 -1.8885410
 0.5816227  2.7222353
 0.5826002 -0.7188755
 0.5835777  0.3728113
 0.5845552 -0.1375290
 0.5855327 -2.3285206
 0.5865103  2.5670862
 0.5874878 -0.2699912
 0.5884653 -0.0459958
 0.5894428  0.3752926
 0.5904203 -2.6153469
 0.5913978  2.2452305
 0.5923754  0.2565241
 0.5933529 -0.4602454
 0.5943304  0.8027451
 0.5953079 -2.7330502
 0.5962854  1.7752675
 0.5972630  0.8210472
 0.5982405 -0.8287417
 0.5992180  1.1144154
 0.6001955 -2.6783090
 0.6011730  1.1869438
 0.6021505  1.3797786
 0.6031281 -1.1141010
 0.6041056  1.2901101
 0.6050831 -2.4605933
 0.6060606  0.5189452
 0.6070381  1.8881966
 0.6080156 -1.2858793
 0.6089932  1.3213660
 0.6099707 -2.1013118
 0.6109482 -0.1840130
 0.6119257  2.3045916
 0.6129032 -1.3231412
 0.6138807  1.2120123
 0.6148583 -1.6320317
 0.6158358 -0.8745665
 0.6168133  2.5934013
 0.6177908 -1.2162663
 0.6187683  0.9777415
 0.6197458 -1.0919141
 0.6207234 -1.5062912
 0.6217009  2.7280813
 0.6226784 -0.9678444
 0.6236559  0.6447251
 0.6246334 -0.5245703
 0.6256109 -2.0372179
 0.6265885  2.6932822
 0.6275660 -0.5925877
 0.6285435  0.2473873
 0.6295210  0.0254122
 0.6304985 -2.4329988
 0.6314761  2.4861601
 0.6324536 -0.1162631
 0.6334311 -0.1744849
 0.6344086  0.5159969
 0.6353861 -2.6694764
 0.6363636  2.1167133
 0.6373412  0.4262707
 0.6383187 -0.5790608
 0.6392962  0.9110005
 0.6402737 -2.7344550
 0.6412512  1.6071182
 0.6422287  0.9937702
 0.6432063 -0.9259503
 0.6441838  1.1829074
 0.6451613 -2.6285372
 0.6461388  0.9901117
 0.6471163  1.5418412
 0.6480938 -1.1795718
 0.6490714  1.3149762
 0.6500489 -2.3649614
 0.6510264  0.3065492
 0.6520039  2.0264474
 0.6529814 -1.3121346
 0.6539589  1.3024707
 0.6549365 -1.9684559
 0.6559140 -0.3976749
 0.6568915  2.4074136
 0.6578690 -1.3059955
 0.6588465  1.1529214
 0.6598240 -1.4732016
 0.6608016 -1.0751004
 0.6617791  2.6516458
 0.6627566 -1.1551998
 0.6637341  0.8853981
 0.6647116 -0.9200671
 0.6656891 -1.6802978
 0.6666667  2.7358133
 0.6676442 -0.8660817
 0.6686217  0.5288541
 0.6695992 -0.3533366
 0.6705767 -2.1733052
 0.6715543  2.6482774
 0.6725318 -0.4568744
 0.6735093  0.1196764
 0.6744868  0.1828105
 0.6754643 -2.5226375
 0.6764418  2.3901130
 0.6774194  0.0436425
 0.6783969 -0.3013618
 0.6793744  0.6477870
 0.6803519 -2.7076310
 0.6813294  1.9751407
 0.6823069  0.5983520
 0.6832845 -0.6924992
 0.6842620  1.0077783
 0.6852395 -2.7199418
 0.6862170  1.4289629
 0.6871945  1.1646912
 0.6881720 -1.0144652
 0.6891496  1.2383625
 0.6901271 -2.5640817
 0.6911046  0.7870795
 0.6920821  1.6979983
 0.6930596 -1.2337581
 0.6940371  1.3263648
 0.6950147 -2.2569506
 0.6959922  0.0922285
 0.6969697  2.1550489
 0.6979472 -1.3254605
 0.6989247  1.2708006
 0.6999022 -1.8264065
 0.7008798 -0.6088403
 0.7018573  2.4975020
 0.7028348 -1.2753645
 0.7038123  1.0828337
 0.7047898 -1.3089865
 0.7057674 -1.2689058
 0.7067449  2.6949821
 0.7077224 -1.0812374
 0.7086999  0.7847569
 0.7096774 -0.7469616
 0.7106549 -1.8438533
 0.7116325  2.7275520
 0.7126100 -0.7531216
 0.7135875  0.4080771
 0.7145650 -0.1849610
 0.7155425 -2.2960087
 0.7165200  2.5873786
 0.7174976 -0.3126450
 0.7184751 -0.0091401
 0.7194526  0.3335690
 0.7204301 -2.5969678
 0.7214076  2.2794589
 0.7223851  0.2086061
 0.7233627 -0.4254516
 0.7243402  0.7697868
 0.7253177 -2.7297005
 0.7262952  1.8213456
 0.7272727  0.7715252
 0.7282502 -0.7994899
 0.7292278  1.0924907
 0.7302053 -2.6897648
 0.7311828  1.2418920
 0.7321603  1.3325425
 0.7331378 -1.0934096
 0.7341153  1.2805252
 0.7350929 -2.4855378
 0.7360704  0.5791129
 0.7370479  1.8470578
 0.7380254 -1.2760510
 0.7390029  1.3243701
 0.7399804 -2.1374477
 0.7409580 -0.1226715
 0.7419355  2.2729798
 0.7429130 -1.3255680
 0.7438905  1.2267883
 0.7448680 -1.6762700
 0.7458456 -0.8161859
 0.7468231  2.5740890
 0.7478006 -1.2313063
 0.7487781  1.0024822
 0.7497556 -1.1406233
 0.7507331 -1.4547818
 0.7517107  2.7229586
 0.7526882 -0.9947829
 0.7536657  0.6767890
 0.7546432 -0.5738668
 0.7556207 -1.9959700
 0.7565982  2.7032002
 0.7575758 -0.6296839
 0.7585533  0.2835215
 0.7595308 -0.0206443
 0.7605083 -2.4046276
 0.7614858  2.5108541
 0.7624633 -0.1608809
 0.7634409 -0.1378721
 0.7644184  0.4766495
 0.7653959 -2.6556277
 0.7663734  2.1548137
 0.7673509  0.3774606
 0.7683284 -0.5456011
 0.7693060  0.8812016
 0.7702835 -2.7356866
 0.7712610  1.6562470
 0.7722385  0.9445297
 0.7732160 -0.8990127
 0.7741935  1.1646474
 0.7751711 -2.6442856
 0.7761486  1.0470588
 0.7771261  1.4960691
 0.7781036 -1.1619814
 0.7790811  1.3092459
 0.7800587 -2.3935958
 0.7810362  0.3675127
 0.7820137  1.9878703
 0.7829912 -1.3059346
 0.7839687  1.3091918
 0.7849462 -2.0074150
 0.7859238 -0.3368010
 0.7869013  2.3792882
 0.7878788 -1.3122724
 0.7888563  1.1709635
 0.7898338 -1.5192025
 0.7908113 -1.0184155
 0.7917889  2.6364972
 0.7927664 -1.1739855
 0.7937439  0.9126801
 0.7947214 -0.9693696
 0.7956989 -1.6315837
 0.7966764  2.7352286
 0.7976540 -0.8963403
 0.7986315  0.5625223
 0.7996090 -0.4020414
 0.8005865 -2.1357409
 0.8015640  2.6627722
 0.8025415 -0.4965753
 0.8035191  0.1563443
 0.8044966  0.1384526
 0.8054741 -2.4985603
 0.8064516  2.4190811
 0.8074291 -0.0026290
 0.8084066 -0.2653304
 0.8093842  0.6110803
 0.8103617 -2.6983644
 0.8113392  2.0168915
 0.8123167  0.5490003
 0.8132942 -0.6606876
 0.8142717  0.9813242
 0.8152493 -2.7257020
 0.8162268  1.4808433
 0.8172043  1.1160954
 0.8181818 -0.9901051
 0.8191593  1.2238595
 0.8201369 -2.5839706
 0.8211144  0.8456712
 0.8220919  1.6540374
 0.8230694 -1.2194592
 0.8240469  1.3244817
 0.8250244 -2.2890362
 0.8260020  0.1536052
 0.8269795  2.1193368
 0.8279570 -1.3229900
 0.8289345  1.2811332
 0.8299120 -1.8678829
 0.8308895 -0.5488160
 0.8318671  2.4730984
 0.8328446 -1.2854947
 0.8338221  1.1039478
 0.8347996 -1.3564015
 0.8357771 -1.2142688
 0.8367546  2.6841453
 0.8377322 -1.1036724
 0.8387097  0.8143143
 0.8396872 -0.7964941
 0.8406647 -1.7982305
 0.8416422  2.7315534
 0.8426197 -0.7865111
 0.8435973  0.4430340
 0.8445748 -0.2327248
 0.8455523 -2.2623455
 0.8465298  2.6063937
 0.8475073 -0.3546829
 0.8484848  0.0277226
 0.8494624  0.2912176
 0.8504399 -2.5773078
 0.8514174  2.3125436
 0.8523949  0.1610061
 0.8533724 -0.3903356
 0.8543500  0.7359632
 0.8553275 -2.7250362
 0.8563050  1.8664998
 0.8572825  0.7219895
 0.8582600 -0.7696277
 0.8592375  1.0695395
 0.8602151 -2.6999698
 0.8611926  1.2962056
 0.8621701  1.2849530
 0.8631476 -1.0718702
 0.8641251  1.2698414
 0.8651026 -2.5093871
 0.8660802  0.6389836
 0.8670577  1.8052450
 0.8680352 -1.2652084
 0.8690127  1.3262965
 0.8699902 -2.1727230
 0.8709677 -0.0612670
 0.8719453  2.2404180
 0.8729228 -1.3268991
 0.8739003  1.2405988
 0.8748778 -1.7199419
 0.8758553 -0.7573871
 0.8768328  2.5536176
 0.8778104 -1.2452622
 0.8787879  1.0264504
 0.8797654 -1.1890963
 0.8807429 -1.4025307
 0.8817204  2.7165521
 0.8826979 -1.0207414
 0.8836755  0.7083379
 0.8846530 -0.6232671
 0.8856305 -1.9537130
 0.8866080  2.7118041
 0.8875855 -0.6659896
 0.8885630  0.3194415
 0.8895406 -0.0671276
 0.8905181 -2.3750560
 0.8914956  2.5343017
 0.8924731 -0.2049682
 0.8934506 -0.1011551
 0.8944282  0.4365949
 0.8954057 -2.6404773
 0.8963832  2.1918287
 0.8973607  0.3288700
 0.8983382 -0.5117275
 0.8993157  0.8504796
 0.9002933 -2.7356126
 0.9012708  1.7045335
 0.9022483  0.8951716
 0.9032258 -0.8713860
 0.9042033  1.1453292
 0.9051808 -2.6588213
 0.9061584  1.1034700
 0.9071359  1.4498427
 0.9081134 -1.1434841
 0.9090909  1.3024132
 0.9100684 -2.4211989
 0.9110459  0.4282876
 0.9120235  1.9485292
 0.9130010 -1.2986859
 0.9139785  1.3148600
 0.9149560 -2.0455977
 0.9159335 -0.2757543
 0.9169110  2.3501413
 0.9178886 -1.3174473
 0.9188661  1.1880908
 0.9198436 -1.5647349
 0.9208211 -0.9612093
 0.9217986  2.6201422
 0.9227761 -1.1917092
 0.9237537  0.9392621
 0.9247312 -1.0185396
 0.9257087 -1.5820395
 0.9266862  2.7333406
 0.9276637 -0.9256681
 0.9286413  0.5957637
 0.9296188 -0.4509513
 0.9305963 -2.0971002
 0.9315738  2.6759631
 0.9325513 -0.5355581
 0.9335288  0.1928941
 0.9345064  0.0935771
 0.9354839 -2.4732419
 0.9364614  2.4468424
 0.9374389 -0.0484603
 0.9384164 -0.2290985
 0.9393939  0.5735931
 0.9403715 -2.6877847
 0.9413490  2.0576231
 0.9423265  0.4997672
 0.9433040 -0.6283736
 0.9442815  0.9538967
 0.9452590 -2.7301749
 0.9462366  1.5319690
 0.9472141  1.0672783
 0.9481916 -0.9649825
 0.9491691  1.2082749
 0.9501466 -2.6026932
 0.9511241  0.9038297
 0.9521017  1.6095240
 0.9530792 -1.2042015
 0.9540567  1.3215015
 0.9550342 -2.3201611
 0.9560117  0.2149030
 0.9569892  2.0827759
 0.9579668 -1.3194449
 0.9589443  1.2904460
 0.9599218 -1.9086719
 0.9608993 -0.4885102
 0.9618768  2.4476084
 0.9628543 -1.2945249
 0.9638319  1.1242051
 0.9648094 -1.4034483
 0.9657869 -1.1590113
 0.9667644  2.6720627
 0.9677419 -1.1250759
 0.9687195  0.8432495
 0.9696970 -0.8459979
 0.9706745 -1.7516952
 0.9716520  2.7342409
 0.9726295 -0.8190266
 0.9736070  0.4776554
 0.9745846 -0.2807927
 0.9755621 -2.2275465
 0.9765396  2.6241244
 0.9775171 -0.3960813
 0.9784946  0.0645643
 0.9794721  0.2482623
 0.9804497 -2.5563745
 0.9814272  2.3444695
 0.9824047  0.1137519
 0.9833822 -0.3549243
 0.9843597  0.7012921
 0.9853372 -2.7190562
 0.9863148  1.9107078
 0.9872923  0.6724697
 0.9882698 -0.7391784
 0.9892473  1.0455726
 0.9902248 -2.7089147
 0.9912023  1.3498574
 0.9921799  1.2370391
 0.9931574 -1.0495011
 0.9941349  1.2580613
 0.9951124 -2.5321244
 0.9960899  0.6985267
 0.9970674  1.7627845
 0.9980450 -1.2533626
 0.9990225  1.3271397
 1.0000000 -2.2071145
 1.0009775  0.0001690
